0.038037638 0.0207214689 0.0173862509 0.0158180795 0.0123517893 0.00996840674 0.00982458206 0.0091207487 0.0100776349 0.00677436274 0.0111587727 0.0073853893 0.00594348978 0.00717111099 0.00522589379 0.00182740655 0.00543967107 0.00202970015 0.00376151181 0.0 0.00193398405 0.00201858822 0.000662173742 0.00285122293 0.00209927292 0.00196921087 0.00624743123 0.011134278 0.0195453747 0.0396310637 0.073986226 0.135822067 0.216275943 0.302754873 0.397577098 0.493917987 0.573228474 0.648025611 0.714163788 0.772922636 0.829373614 0.87478098 0.926898178 0.958291136 1.0
0.00714098846 0.0 0.00367365028 0.00253637765 0.00347156666 0.000491090086 0.000407485129 0.00256039615 0.00264723784 0.00218333987 0.00534716492 0.00397934528 0.00828580745 0.00212100355 0.00321658642 0.00264815746 0.00666610004 0.00834363579 0.0075093804 0.00637682311 0.0112693855 0.0113728526 0.0171085511 0.0334487715 0.0530331942 0.0917436864 0.141334895 0.211800512 0.280844979 0.357261469 0.421286799 0.488627954 0.546856521 0.602314367 0.652923883 0.699082618 0.741183894 0.786046586 0.826916616 0.862661211 0.894043219 0.925090653 0.954252194 0.97561578 1.0
0.00491714215 0.00337174727 0.00205900096 0.00173315288 0.00111613606 0.00121327455 0.000670836989 0.000252000577 0.0 0.000481460743 0.000328624592 0.000692840076 0.00162155893 0.00200112891 0.00312208207 0.00515592917 0.0108350505 0.0211897672 0.0395019074 0.0739431466 0.13437756 0.226538648 0.349147768 0.485056889 0.611396335 0.714082047 0.801771764 0.860170096 0.90709529 0.934388764 0.95536895 0.969392025 0.978990673 0.985527413 0.990817541 0.993079866 0.996685763 0.999005583 0.997027601 0.998827087 0.996761292 0.997458689 0.99985822 1.0 0.99858691
0.00299198201 0.00102828914 0.00111296766 0.00135602621 0.00134960043 0.00068366917 0.000618824449 2.62128727e-05 0.00022493882 0.000620124227 0.0 0.000276871056 0.000737266746 0.000493383657 0.00139453417 0.0027084963 0.00448214127 0.00975774643 0.017484638 0.0339922184 0.0656620966 0.119164109 0.20523263 0.324710245 0.463761929 0.602068304 0.719306532 0.807762282 0.873450083 0.920333493 0.949695026 0.969757689 0.980024032 0.988905555 0.99136866 0.996285605 0.995824462 0.996714634 0.999390095 0.999806938 0.99668417 0.99967861 1.0 0.998819285 0.99801454
0.00359294728 0.0019110745 0.00218259314 0.0019357949 0.00168078453 0.00160605972 0.000977888493 0.00131340515 0.00117165735 0.000757060814 0.0 0.00123453432 0.000245853449 0.000420472295 0.000843090359 0.0009029239 0.000853175677 0.00118337813 0.00107536624 0.00109605128 0.00195547367 0.0026853486 0.0039170014 0.00690493002 0.0130574925 0.02541827 0.047113949 0.0875744245 0.155287602 0.257211905 0.387712672 0.530087154 0.656525922 0.755772658 0.836745581 0.893425283 0.933344242 0.956410358 0.972610322 0.984882397 0.98988458 0.997027153 0.997868321 0.999298705 1.0
0.00161963817 0.000528665778 0.000987717584 0.000813248811 0.00122415935 0.000598648979 0.00020804192 0.000359228772 0.000208363969 0.000457640532 0.000464707159 0.000560796881 4.89740866e-05 0.0 0.000139469994 6.11524804e-05 0.000810539082 0.00137385287 0.00275998465 0.00503934634 0.0113542794 0.0213492228 0.0417325228 0.0780716971 0.141532786 0.237127863 0.364405906 0.506660434 0.646355684 0.753700086 0.840353066 0.897770439 0.938734058 0.964463787 0.979573574 0.987642504 0.993611445 0.993376061 0.994787463 0.997304885 0.995014387 0.995870919 0.997015528 1.0 0.996207713
0.742505114 0.302795544 0.225657468 0.246141406 0.201567668 0.0699894625 0.111529857 0.160541753 0.0 0.0582522357 0.0580809305 0.0221000671 0.0858639363 0.0109798773 0.0642529908 0.0750345146 0.181901939 0.000982187636 0.0166983168 0.0386924451 0.0216509543 0.0977595077 0.0982435577 0.0920760054 0.193594649 0.295047363 0.312568959 0.36455672 0.527748069 0.644816044 0.625573506 0.689852418 0.836662703 0.710539217 0.685076158 0.752885986 0.873713098 0.711463927 0.848060701 0.701655012 0.981501288 1.0 0.870416035 0.961897544 0.857834116
0.0114173752 0.00675554247 0.00314267817 0.00377557318 0.00502701432 0.00475572696 0.0024881363 0.00230889002 0.00295653102 0.00117512558 0.00283498913 0.0 0.00058676857 0.000139332385 0.00123972201 0.0011507166 0.00111018498 0.00286504589 0.000749539223 0.00417977741 0.00378708052 0.00667860036 0.00986353977 0.0165740677 0.0307220541 0.0520512928 0.0922702577 0.144280878 0.213743892 0.282227793 0.353802175 0.422263732 0.492424378 0.551920445 0.608159934 0.664377079 0.709514886 0.758993043 0.801662702 0.838860945 0.876978735 0.911272565 0.941018799 0.972055089 1.0
0.00379354412 0.00234529826 0.00136868631 0.00107662283 0.000940852763 0.0013243819 0.000759260343 4.97008833e-05 0.000657334514 3.57299901e-06 0.0 0.000430493836 0.000761858357 0.0012780419 0.00274412162 0.00503226941 0.00969002391 0.0187586865 0.033566545 0.0614868934 0.104679925 0.166218313 0.242633374 0.328356431 0.414800269 0.50416374 0.578212126 0.64839256 0.709413412 0.760797959 0.804356288 0.83962889 0.870719491 0.897177029 0.918105273 0.934556442 0.94808825 0.960021113 0.96937956 0.978392088 0.985266122 0.99010541 0.996011636 0.998348876 1.0
0.0038092472 0.00236049656 0.00132760991 0.000970351956 0.00134487457 0.000757429149 0.00019416975 0.000360240717 0.00031517138 0.0 0.00059649704 0.000157174343 0.00051011812 0.000789937494 0.00114493006 0.00207367435 0.00379293044 0.00809082026 0.0161365891 0.0302909898 0.0540397659 0.0948663411 0.152379425 0.226402034 0.309809741 0.397037718 0.48324487 0.562224572 0.634116674 0.695139558 0.749835746 0.796178433 0.834974292 0.866980003 0.891311209 0.91706847 0.936899575 0.950556871 0.962588152 0.971156022 0.981712938 0.986787709 0.994506429 0.996600922 1.0
0.00372115435 0.00195460879 0.000724532753 0.00104309828 0.00056668553 0.00055911942 0.000534780756 0.00126699261 0.000747136255 0.000698840259 0.000287826947 0.000691651446 0.00091705899 0.000738623877 0.0 0.000436453602 0.000355290423 0.000776171961 0.000327721534 0.000422834604 0.00124818628 0.0023644882 0.00407805484 0.00775239413 0.0148126304 0.0268386784 0.0495755182 0.0864085261 0.141753615 0.21464978 0.301258257 0.39188144 0.481405676 0.565151359 0.642348447 0.708689806 0.768715543 0.818654014 0.859567442 0.89411342 0.92561391 0.949285371 0.968317796 0.986845938 1.0
0.00281771483 0.000579382418 0.000651586444 0.000448765527 0.0 5.54054691e-05 0.000695703753 0.000698028511 0.000805194926 0.000697495675 0.000618446317 0.000194762009 0.00118766692 0.000576729615 0.00112089934 0.000766870551 0.000986400903 0.00142193844 0.00271605881 0.00454707692 0.00904625738 0.016663896 0.030980888 0.0561208309 0.0978569104 0.156783292 0.232147565 0.317586039 0.406151013 0.491427298 0.572480837 0.644735231 0.706834099 0.763243848 0.807461835 0.847830625 0.880684424 0.908560188 0.93176143 0.948140925 0.960346498 0.976010407 0.985535801 0.995036541 1.0
0.00350139425 0.00213490298 0.00128896525 0.000380730238 0.000846923095 0.0011938685 0.000432847001 0.000871223236 0.000818595112 0.000781690746 0.00065093184 0.000630391017 0.000797232376 0.000633272383 0.00067249305 0.0 0.000193511505 7.99380558e-05 0.000716838999 0.000509226547 0.00131056382 0.00211693531 0.00205921693 0.00265757435 0.00634084023 0.0104521757 0.0197112675 0.0372036825 0.0664905391 0.112629097 0.175815199 0.252281139 0.33665139 0.42269863 0.505000417 0.5867016 0.655377681 0.721052436 0.77703921 0.828396083 0.871772066 0.915070704 0.944256792 0.976961696 1.0
0.00260754764 0.000108763563 0.0 9.48119437e-05 6.82422658e-05 0.000231224952 0.000815575597 0.000337644403 0.000255215184 8.59084714e-05 0.000385555651 0.000976576402 0.000441415191 0.00108494082 0.00069309575 0.00146333955 0.00318180429 0.00653664835 0.0122272592 0.0227518095 0.0425711164 0.0736202884 0.119234378 0.180253245 0.248819166 0.32039353 0.39362536 0.463602132 0.532572247 0.591800367 0.65109345 0.701256305 0.749646225 0.79010768 0.828880193 0.863983181 0.89005465 0.917736828 0.939278116 0.955991449 0.972146153 0.982278784 0.99017055 0.999323991 1.0
0.00192237496 0.000407666677 0.0 0.000537111041 0.000329905283 0.000479660962 0.00124313341 0.000546214047 0.000591721582 0.000641460329 0.000405617564 0.00135538321 0.00125846804 0.000921319685 0.000659780596 0.00163080906 0.00272682029 0.00375982037 0.00681003149 0.0129716087 0.0232135276 0.043167385 0.0780067505 0.13077155 0.204072285 0.292172808 0.387361992 0.481914194 0.569707743 0.650583777 0.717065746 0.77672122 0.827318467 0.865305019 0.898393086 0.921466442 0.942093131 0.9601843 0.971359131 0.979612006 0.989458847 0.991142716 0.99469518 0.998560448 1.0
0.00372863794 0.00154159121 0.00164268409 0.00126092942 0.000653302443 0.000288526663 0.00039591009 0.000855243747 0.00053612549 0.000556046693 0.000531745651 0.0 0.000929286126 0.00140235584 0.000598306646 0.00188716567 0.00279928005 0.00540795748 0.00992519295 0.0187650089 0.0357099917 0.0635008665 0.106287765 0.162347512 0.228795324 0.29983911 0.372669491 0.442177781 0.511294662 0.572607995 0.629017133 0.684206357 0.732372393 0.776514746 0.816201429 0.851984272 0.882946039 0.908388225 0.932173324 0.95156597 0.967509605 0.980293947 0.990246841 0.995353567 1.0
0.00499774369 0.00226306171 0.00165634576 0.00150561883 0.00105222519 0.00145087464 0.000748386725 0.000521982847 0.000663414269 0.000728849008 0.000775821338 0.000268701659 0.000629518884 9.49628067e-05 0.0 0.000699265568 0.000161012007 0.000451816401 0.000214193251 0.000632351835 0.00145968072 0.00243024155 0.00520614421 0.0104366275 0.0205066879 0.040481317 0.0741971448 0.126737525 0.200617419 0.293161121 0.395867766 0.499783909 0.597086501 0.683495528 0.758298956 0.821984256 0.869516345 0.908512626 0.939767078 0.959933434 0.975398113 0.985201469 0.992751614 0.997505092 1.0
0.00417446579 0.00294579973 0.00215171773 0.00121741491 0.00125270354 0.000986636674 0.00066214998 0.000887624362 0.000878906621 0.000554419927 0.000795239854 0.000233524504 0.00080010347 0.000589884328 0.000764600366 0.000428348109 0.000448278289 0.0 0.000398035979 0.000306243298 4.38289816e-05 0.000967890145 0.00131391962 0.0026348444 0.0051979279 0.0104175647 0.0207658503 0.038798813 0.0715239538 0.123512563 0.196188523 0.287391017 0.3894126 0.490803303 0.589170222 0.677926267 0.753285701 0.814466814 0.868579878 0.90707134 0.939250764 0.962683221 0.981085157 0.992574159 1.0
0.00680564072 0.00403928616 0.00321333845 0.00266903672 0.0027462686 0.00171444011 0.00208903113 0.00152992312 0.00160655608 0.00113383731 0.00131887325 0.00130157941 0.00148004764 0.000845715501 0.000942379979 0.00100007206 0.000106143423 0.00107699767 0.000745101887 0.000319851005 0.0 0.000721029349 0.000602909208 0.00118940084 0.00258222211 0.00448355959 0.00847952436 0.0158959164 0.0306716754 0.0576373812 0.101336861 0.165867562 0.252627195 0.351193741 0.454862469 0.559342483 0.651824085 0.733840896 0.803751622 0.860042426 0.905145364 0.942101295 0.966168304 0.986570855 1.0
0.00978919732 0.00654001484 0.00449896438 0.00367008654 0.00277961127 0.00250006298 0.00247586303 0.0017451414 0.00167955042 0.00162581738 0.00113199579 0.00172210791 0.00125205263 0.00163012523 0.00115960942 0.00189936526 0.000385200807 0.00138560955 0.000263488385 0.00141888407 0.000882898289 0.0006111875 0.0 0.00148346322 0.000725390171 0.0015280696 0.00266798356 0.00609658993 0.0106438635 0.0217862665 0.0418462079 0.0752026626 0.129427202 0.205481183 0.299264855 0.404759796 0.5110675 0.608909457 0.702066747 0.78026373 0.846249069 0.901484418 0.943855556 0.97782781 1.0
0.00175353669 0.000497022838 0.000233778119 0.000532280254 9.51601881e-05 0.00047003453 0.000748845672 0.0 0.000143070869 7.05481115e-05 9.93091634e-06 0.000827281274 0.00090124397 0.000257542651 0.000482687796 0.00104013702 0.000323462548 0.000128926635 0.000657914333 0.000664430665 0.000914088044 0.00115173114 0.000912892163 0.00132359413 0.00180730696 0.00274380835 0.0055186253 0.00942177495 0.0167691332 0.0329711282 0.0624043075 0.11367667 0.195506924 0.309627805 0.434916494 0.544826691 0.6473493 0.731430739 0.799260315 0.854579524 0.899815835 0.933117187 0.960244927 0.982629911 1.0
0.00249505663 0.00110425597 0.000823627967 0.00143476738 0.000500698676 0.00140281531 0.000855082002 0.000951296806 0.000951203175 0.000471890215 0.0 0.00116381923 0.000853962415 0.00122762974 0.00128440598 0.00186152148 0.00347724768 0.00638542813 0.0104081361 0.0204151351 0.0384942408 0.0717775825 0.12919565 0.219566237 0.340068694 0.477024496 0.610380234 0.723790704 0.80801489 0.873603024 0.916906981 0.944936264 0.964844178 0.976528879 0.985798096 0.988030922 0.991141289 0.99676089 0.996093771 0.99890021 0.996607869 0.996975669 0.99725868 0.998195986 1.0
0.00344371749 0.00243827547 0.00171996828 0.00174188089 0.00105731513 0.000275728318 0.00135875291 0.00113125424 0.0010103604 0.00042648705 0.00124375755 0.000599250023 0.000398566406 0.000807497474 0.00071029116 0.0 0.000458981453 0.000875880742 0.000840491883 0.000563114143 0.00132115287 0.00265352699 0.00370995367 0.00702747247 0.0127540074 0.0241459492 0.0451425529 0.0834038302 0.148223748 0.247257928 0.374627598 0.516792481 0.64408524 0.747172971 0.828750555 0.886874177 0.925378736 0.951330607 0.968626877 0.982212816 0.987831033 0.992082079 0.996045896 0.995868478 1.0
0.00364358512 0.00218964396 0.00114568127 0.00112228811 0.00105214061 0.0011409531 0.000365597184 0.000651618493 0.000306388195 0.000581704703 0.000174910319 5.68838569e-05 9.72201185e-06 0.0 0.00031411267 0.000322742029 0.000390534434 0.00129225053 0.0023513985 0.00535486495 0.0106134446 0.0219032253 0.0424189914 0.0806432793 0.144077838 0.241818409 0.371968484 0.516366492 0.650186415 0.758705912 0.839708592 0.898116506 0.937509682 0.96282534 0.976848174 0.984998624 0.990545908 0.994217257 0.994342976 0.996975855 0.995454231 0.997052509 0.996238388 0.995720651 1.0
0.00592463327 0.00394640256 0.00293102388 0.00248720273 0.0023635754 0.00160255109 0.00197397538 0.00169277487 0.00104505572 0.00114215193 0.000128267456 0.00143367236 0.000658336091 0.000333009318 0.00122523774 0.0 0.00116303703 0.00122291767 0.000957539059 0.00118823145 0.000823137269 0.000798365898 0.000814680618 0.00182144513 0.00243152565 0.00347343544 0.0059608497 0.0097095606 0.018328463 0.0338845645 0.0608148772 0.105372961 0.170119792 0.252984191 0.348225518 0.448882983 0.545398197 0.635726052 0.715464245 0.780280589 0.844631544 0.895204643 0.9377239 0.971089049 1.0
1.0 0.712918215 0.412762832 0.289192561 0.396906729 0.178675589 0.273220936 0.18990378 0.187490358 0.168560546 0.160801349 0.221598639 0.139192745 0.106324208 0.105398552 0.0956441023 0.0504659652 0.0824837696 0.049257962 0.0 0.0555784796 0.0390388384 0.0854799718 0.0661260856 0.000222186954 0.121701613 0.158456945 0.172715663 0.142932646 0.214312235 0.218193495 0.208248229 0.228317026 0.294169253 0.275726629 0.340226542 0.31834408 0.487703318 0.357608058 0.271776351 0.359675651 0.412085199 0.414397493 0.496829591 0.429596262
0.00393241759 0.00274860844 0.00210128201 0.00133234982 0.00129088236 0.00116112472 0.000492910845 0.000685783051 0.000677726379 0.000552149797 0.000275400534 0.00037420088 0.0 0.000753080659 0.000428078634 0.00158893956 0.00226187795 0.00405128424 0.00838151935 0.0162523683 0.0309684827 0.0568540523 0.0976441478 0.156669354 0.229981357 0.314317669 0.403614125 0.48692702 0.567813506 0.638436512 0.699436498 0.754017438 0.799333678 0.838137216 0.870190045 0.89671228 0.920559617 0.937318318 0.953773928 0.963660555 0.977238836 0.984561268 0.988830713 0.997619023 1.0
0.00394515986 0.00284807123 0.00197550996 0.00165363696 0.00103439685 0.00153303418 0.00164505336 0.00106088013 0.000706147515 0.00103535534 0.000555437877 0.000772977187 0.00060452371 0.000528559117 0.000661902859 0.00067021176 0.0 0.000941812503 0.000347715344 0.000588663741 0.00127887531 0.00152855926 0.00515492225 0.00994852126 0.0182881821 0.033407392 0.0605253042 0.104208146 0.1660112 0.244091981 0.33267316 0.423405778 0.51272519 0.593222967 0.666157928 0.730336642 0.786220638 0.832499783 0.870875608 0.903410363 0.930429147 0.952893133 0.97623221 0.989447185 1.0
0.0026105333 0.000347941108 0.000811640337 0.0 7.74986884e-05 0.000365318934 0.000503620688 0.000156207177 0.000447272236 0.000314482222 0.000270985476 0.00055875934 0.000296924665 0.000276404452 0.000617853998 0.00111354721 0.000464485793 0.00111596295 0.00188516366 0.00472248803 0.00871894355 0.0166248862 0.0306185257 0.0565826116 0.0979176226 0.157681499 0.233167941 0.31920924 0.408273196 0.495103926 0.576877438 0.645259083 0.709044253 0.762733041 0.810332067 0.848491065 0.880855502 0.907252957 0.92976132 0.948056037 0.962135781 0.974490692 0.984416703 0.991876491 1.0
0.00246427265 0.000562618863 5.69255305e-05 0.000306331741 0.000369778436 9.0978291e-05 7.03872329e-05 0.000151660298 0.000130542538 0.000131381286 0.0 0.000456610689 0.000318443894 0.000283025684 0.000481345797 0.000656343953 0.000719929777 0.00138077554 0.00141743796 0.00367727081 0.00706309865 0.0143709308 0.0274029021 0.0511035817 0.091145649 0.15146878 0.232433897 0.3279935 0.429186204 0.531022937 0.623846857 0.705047254 0.774846109 0.833995154 0.879205978 0.916493669 0.941844671 0.96232281 0.9752157 0.985339928 0.991352525 0.994924284 0.995903155 1.0 0.996738299
0.00249146122 0.00116711962 0.00141975839 0.000713265204 0.0004622309 0.00102535334 0.000449359955 0.000394665286 3.34002788e-05 0.000283640177 0.000354766922 0.000796867648 0.000410608196 0.00084104524 0.000507142242 8.6261552e-05 0.000204900047 0.0 0.000348149479 0.000330371217 0.000608186401 0.00183795062 0.00239362795 0.0054002283 0.0107204936 0.0210932192 0.0386206935 0.0702439072 0.120751112 0.193378191 0.282787163 0.382231809 0.484403191 0.581015564 0.670984997 0.744918028 0.810413062 0.860142386 0.899863244 0.92911368 0.954721662 0.970734889 0.982191165 0.993707119 1.0
0.00270275157 0.00136718422 0.000907363763 0.000523915965 0.000802629239 0.000418753297 0.0 7.49455089e-05 0.000340249061 0.000209655674 2.25983736e-05 0.000322508487 0.000199735151 0.00027828147 5.68481473e-05 0.000430474225 0.000281069902 5.41603479e-05 0.00058106601 0.000420740329 0.000891182076 0.00267253259 0.00493638975 0.00978935709 0.0195520557 0.0371942717 0.0680811216 0.116652956 0.187422049 0.27636235 0.377847104 0.479167502 0.577332334 0.666292388 0.745461083 0.807591801 0.858817458 0.899104832 0.930640046 0.953486571 0.970498476 0.983011311 0.987774995 0.995561428 1.0
0.0040820826 0.00207623933 0.00184191807 0.00148069357 0.00131296551 0.000990236609 0.00151679522 0.00121184831 0.00110306653 0.00110364932 0.00111874891 0.00106967672 0.00117166909 0.000561068866 0.000930464222 0.00062654358 0.000433245318 0.000624336038 0.0 0.000479711624 0.000147092936 0.000886727419 0.000971287069 0.00155861685 0.00279802903 0.00496065291 0.00967605477 0.0179740068 0.0333244256 0.0605847177 0.106172329 0.173023966 0.258782464 0.357782812 0.464154569 0.563428897 0.6566499 0.738428843 0.8066888 0.861674439 0.906371154 0.941146808 0.967637802 0.986553617 1.0
0.00360759722 0.00147254574 0.00136882429 0.00108852083 0.000883166338 0.00106734064 0.00090812844 0.000701112717 0.00077493394 0.000707313373 4.8576237e-05 0.0 0.000246277686 0.000414654171 0.000394423248 0.00064912479 0.000127960205 0.000832928872 0.000121803215 0.000981919287 0.00245378344 0.00391559099 0.00788322877 0.016230772 0.0310522275 0.0579114407 0.101632765 0.165586939 0.249636113 0.345677877 0.447945336 0.546024953 0.637219369 0.715735108 0.784946183 0.839726756 0.884707144 0.916008614 0.942621267 0.961905526 0.976549616 0.986107023 0.992222957 0.998452923 1.0
0.00342746223 0.00185938472 0.00131943192 0.00147335769 0.000687108888 0.000923390791 0.00116889819 0.00123239282 0.0008432006 0.000756638621 0.000263708139 0.000831202409 0.000364266807 0.00023799593 0.000587508059 0.000624712534 0.000272823812 0.000971833667 0.000446017987 0.000521890701 0.000136580248 0.000724947121 0.000448619636 0.0 0.000636415451 0.00178439783 0.00266909337 0.00480458053 0.0099571428 0.0181512951 0.0345171499 0.0628147898 0.111011455 0.179302619 0.269279769 0.372682948 0.480894932 0.585082066 0.679590101 0.76246144 0.832290442 0.890228324 0.937726414 0.972203996 1.0
0.00385150936 0.00210889242 0.001694538 0.000912881579 0.00103792713 0.000887874517 0.000613258004 0.00119286297 0.00109896138 0.00108608464 0.000361511825 0.00073272518 0.000760921107 0.000771848993 0.000781683749 0.000226392391 0.000639812528 4.16721732e-05 0.000456667101 0.000345272009 0.0 0.000893799625 0.000710587585 0.00116961687 0.00182189279 0.00391278444 0.00776469347 0.0150240021 0.0287569167 0.0542922761 0.0970941687 0.159905067 0.244757219 0.344055475 0.447682564 0.550929566 0.644157774 0.729450913 0.798530017 0.856038167 0.903009568 0.936745872 0.965224795 0.9871728 1.0
0.00357372418 0.00152628258 0.00063256721 0.00112352424 0.000109476105 0.00201927492 0.00120192653 0.000773664465 0.000949676741 0.00111879975 0.000479344909 0.00119116 0.0 0.00098676637 0.000620763357 0.000710854793 0.000485950674 0.000664445642 0.000747790381 0.000526983115 0.000536227254 6.17215483e-05 0.000136464534 0.000328503698 0.00125454651 0.00149652959 0.00321404507 0.00573031906 0.0110758683 0.023373405 0.0436752698 0.0779699998 0.133088932 0.211174976 0.306075503 0.411173813 0.516365327 0.617866038 0.707308736 0.783177435 0.849437272 0.902100166 0.941954148 0.975837272 1.0
0.00313335111 0.00183918276 0.00167354567 0.00156784236 0.00044488695 0.000740543182 0.000862173139 0.000402770278 0.000551448086 0.000402136058 0.000756423072 0.00064512968 0.000244168555 0.000533565932 5.50592296e-05 0.0 0.00015855497 0.000677320405 0.000292050123 0.000371644718 0.00100683422 0.00175512627 0.00316774738 0.00686128133 0.0136666314 0.0270125955 0.0508512661 0.0949056302 0.166651309 0.273601084 0.407657119 0.548130025 0.673699145 0.771867286 0.848354813 0.902130292 0.935079491 0.959364699 0.972667563 0.984649389 0.989747923 0.996575442 0.996701725 0.998747822 1.0
0.00336116002 0.00324563062 0.00293257216 0.00185331641 0.0016973112 0.0011545887 0.00153408058 0.00155373799 0.000142879792 0.000229525356 0.000222777407 0.000732176217 0.000206850584 0.00012410401 0.0 0.000443928253 0.000131719722 0.00179767257 0.00267970635 0.00571847054 0.0108423826 0.0214292981 0.0416863788 0.0792586664 0.142771771 0.239915965 0.367574579 0.510311043 0.645819737 0.756855417 0.839622607 0.898810116 0.938542601 0.965205145 0.979873539 0.986750886 0.991277296 0.994541684 0.995120813 0.996853988 0.999522037 0.999923972 1.0 0.999935736 0.998228442
0.00460529523 0.00320527805 0.0022648689 0.00145218894 0.00148718236 0.000734385283 0.000895780324 0.00102596442 0.000919198044 0.000771491205 0.0 0.000821270128 0.000231728294 0.000732679264 0.000535587969 0.000868512047 0.000853682494 0.00045170668 0.000354529652 0.000934998747 0.0014350106 0.00181485222 0.00422814681 0.00795095946 0.0146144409 0.0276226506 0.0514547824 0.0899727817 0.145627566 0.220423006 0.306585121 0.398261605 0.48763208 0.571481019 0.646934769 0.7144724 0.771487076 0.822164999 0.862180116 0.898104514 0.930109898 0.952548332 0.973367351 0.991184317 1.0
0.00198657524 0.000553270251 0.000587617745 0.000606833571 0.000349740369 0.000397507525 0.000313219561 0.000411535635 0.0 0.000956152401 2.03651174e-05 0.000149083715 0.000270546667 0.000546559425 0.000530807379 0.000668209287 0.00118952607 0.00169094302 0.00248225966 0.00404105211 0.00890500051 0.0164753561 0.031134236 0.0565958522 0.0970378495 0.156713519 0.23111911 0.31683474 0.404517106 0.490121573 0.570407525 0.643280623 0.707655145 0.762371734 0.807503524 0.847847327 0.8805324 0.905859801 0.929462268 0.947647861 0.963651065 0.976666835 0.985435398 0.993652554 1.0
0.00307263424 0.000965891523 0.00124419304 0.000277760868 0.000281869792 0.0 0.000702794228 0.000682003312 0.000458844879 0.000692987475 0.000350060512 0.00139543028 0.00105891 0.00135204028 0.000876837802 0.00229101956 0.00216003258 0.00419403413 0.00530954095 0.00877403079 0.015481468 0.0284281052 0.0497684935 0.0834671439 0.131309531 0.189256358 0.254466194 0.32230934 0.389738131 0.456074644 0.518463491 0.579692897 0.634996298 0.691316982 0.736148615 0.783617312 0.825713699 0.861946493 0.896533692 0.923021685 0.94899569 0.967941925 0.983073497 0.996397747 1.0
0.0104651004 0.0027564399 0.00347550938 0.00160451998 0.0 0.000673636481 0.00173039803 0.00160760789 0.000977243463 0.00173694581 0.000757216669 0.00128610521 0.00295178704 0.00220296617 0.000446459671 0.00223350282 0.0011679735 0.00211302123 0.00200430086 0.00196527394 0.00239826608 0.00238784513 0.00475294718 0.00653999033 0.00985622737 0.0176103622 0.0294031277 0.0478435352 0.081291239 0.131342452 0.190080667 0.257102366 0.326519426 0.400466325 0.472100793 0.545381707 0.611159463 0.67552288 0.737645827 0.794661072 0.846353836 0.890835612 0.930548158 0.968707987 1.0
0.00784207236 0.00178665343 0.00026641391 0.00156733946 0.0 0.000370662568 0.00154121381 0.000886101503 0.000321017182 0.00206199154 0.000262683401 0.000362349037 0.00190559437 0.00172047773 0.002302044 0.00261739589 0.00298021048 0.00275570282 0.0013673431 0.00209808134 0.00253496798 0.00374850774 0.0035191752 0.00390740804 0.00578607866 0.00847663967 0.0118778171 0.0209259622 0.0353742204 0.0609681306 0.102235744 0.155461286 0.222152621 0.294868291 0.373233432 0.449323598 0.52586732 0.600158068 0.670873914 0.737122649 0.798446084 0.856481999 0.909714864 0.958666822 1.0
0.00231264254 0.000478761847 0.000400819992 0.00032806601 0.000448763298 0.000486730212 0.0 0.000650066688 0.000286349277 0.000388471839 0.000286992371 0.000644134475 0.00011838365 0.000500132064 0.000811278892 0.000617724502 0.000683595692 0.000707793272 0.00131787002 0.00133495044 0.00366496401 0.00721974898 0.0142553612 0.0267739396 0.0506928029 0.0907911944 0.150730289 0.231663006 0.329148243 0.429900012 0.532252307 0.622814529 0.707228982 0.778254063 0.835960902 0.880097205 0.916532905 0.941463925 0.96205746 0.976760499 0.986359215 0.994159657 0.999126879 0.999312611 1.0
0.0026898073 0.000538594255 0.000481251357 0.000379574917 0.000239654934 0.000332399835 0.0 0.000432972764 0.000319333578 0.000105231814 0.000532681852 0.00049235026 0.000496472907 0.000291059565 0.00057278412 0.00041316992 0.000478852945 0.000210829166 0.000443181962 0.000869406069 0.00158651214 0.00238902305 0.00345895081 0.00711741462 0.0127895303 0.0247973749 0.0465203984 0.0828891571 0.139373333 0.216617114 0.310163892 0.411738494 0.511443864 0.60553631 0.687838379 0.761254169 0.819402286 0.86776655 0.907519014 0.935840119 0.956364234 0.973043734 0.98422389 0.993747705 1.0
0.00425129854 0.00223386897 0.0016599562 0.00102697809 0.00139102153 0.00141236697 0.00109977336 0.00155904595 0.00129107762 0.000675185828 0.000977247714 0.00114504344 0.000545097971 0.000669879558 0.00107059576 0.000810339229 0.000160769994 0.000343047057 0.0 0.000614856673 0.000271971245 0.000457324432 0.000795857894 0.00160161475 0.00196201809 0.00390771329 0.0082490138 0.0153450454 0.0296107894 0.0554893179 0.0985289824 0.162882062 0.247675606 0.347866612 0.451737192 0.556554124 0.651322607 0.737603812 0.80516192 0.860793496 0.910318715 0.943431422 0.970368242 0.988083462 1.0
0.00562944863 0.00309050457 0.00169858341 0.00227580967 0.00146132296 0.00140234131 0.00115267407 0.000977426393 0.000960624649 0.00111693221 0.000649151057 0.000867556081 0.00110208711 0.00110936498 0.000589714206 0.000666228037 0.000528678868 0.000269625376 7.84440115e-05 1.00478767e-05 5.26671057e-05 0.000693271734 0.000426665132 0.0 0.000372867089 0.00155936695 0.00330994349 0.00630886858 0.0132342622 0.0263360476 0.0496974986 0.0888903382 0.148997829 0.229822836 0.32588534 0.431896669 0.537487315 0.633992143 0.720844579 0.796044975 0.853562122 0.903605994 0.941869526 0.976025581 1.0
0.0 0.000896220124 0.00343190158 0.00541960593 0.00591772051 0.00681392634 0.00717011851 0.00848872272 0.00841053045 0.00922725286 0.00842191178 0.00913801636 0.00921526681 0.00891565239 0.00965305073 0.00953529246 0.0101951216 0.0100267368 0.0096102119 0.0099307013 0.0112386596 0.0116366528 0.0134418963 0.0167749063 0.0233782321 0.0344519554 0.057497712 0.0974518702 0.164465949 0.264930468 0.394879373 0.534064215 0.658496522 0.758353675 0.835950415 0.892167448 0.932160312 0.957392786 0.970227173 0.98119187 0.987774288 0.993333694 0.993778164 0.996493003 1.0
0.00359096254 0.00209437698 0.00114415825 0.00132275563 0.000290590821 0.00106737844 0.00102925713 0.000853933682 0.000598633817 0.000999403065 0.000960648941 0.00100121604 0.0 0.000581053452 0.000539625647 0.000388180161 0.000865951001 0.00164815924 0.00245914107 0.00546747729 0.0110696275 0.0210999828 0.0410919895 0.0771598748 0.138483353 0.23409169 0.361002114 0.503649279 0.637699309 0.749232316 0.836964239 0.895748841 0.934608517 0.961077371 0.975596561 0.986768816 0.991779551 0.994940684 0.997323139 0.997886769 0.999153155 0.998055017 0.998411992 1.0 0.999175155
0.00188606063 0.00138576301 0.00050549661 0.000486896465 0.000516896953 0.000299658285 0.000341736559 0.000151481395 0.000559038245 0.000117235071 0.000149774002 2.66782602e-05 0.000353828131 0.000374537408 0.0 0.000595700914 0.00057280767 0.00184152072 0.00187659809 0.00444124205 0.00851033152 0.0164273174 0.0302812078 0.0565423737 0.0964229579 0.155226469 0.230117901 0.314787026 0.405193215 0.491676812 0.570136144 0.644062552 0.703743269 0.759492749 0.805065752 0.844287109 0.878115261 0.906211181 0.926737805 0.94684792 0.959938917 0.974616316 0.982002464 0.994452574 1.0
0.000646607314 2.60695432e-05 0.000451335999 0.000268659078 0.000596000817 0.000590923872 0.000332133507 0.0 0.000791894868 0.000644713887 0.000497455306 0.00124553363 0.00138798493 0.00121750858 0.000774980123 0.000724540465 0.000926041079 0.000930937605 0.000456352804 0.000970843135 0.00156528226 0.00177724134 0.00264882505 0.00433474928 0.00773395542 0.0145145877 0.026294537 0.048340563 0.0856884156 0.142477893 0.220830295 0.315137269 0.415633891 0.517102235 0.611577654 0.698160965 0.769764969 0.829082614 0.876461518 0.913962676 0.942411128 0.963867382 0.98082202 0.989342442 1.0
0.0020333555 0.000794775878 0.0002727511 0.000102435999 0.000532211925 0.0 0.000200546923 0.000233142513 0.000578166991 0.000417554628 0.000257810923 0.00054110428 0.000402574388 0.000700960893 0.000202595643 0.00025206358 0.000255691181 0.000584710147 0.000619410911 0.000560737392 0.000694018919 0.000898448394 0.0017582297 0.00400665709 0.00720721298 0.0136456697 0.0260732052 0.0491955579 0.0882247116 0.14720901 0.227997893 0.322949549 0.425544949 0.529654126 0.622366617 0.709048471 0.780002473 0.839590348 0.887752227 0.923737651 0.950701993 0.97029413 0.983123785 0.993538337 1.0
0.00273408238 0.000577505724 0.000306745863 0.000833358956 0.000441154227 0.0 0.000383680556 0.000435978108 0.000597137489 0.000432947415 0.000528845747 0.000330917172 0.00051511576 0.000683090026 0.00054979706 0.000655424047 0.000264423801 0.00109147639 0.000757586059 0.00152939763 0.00209795604 0.00395644277 0.00759353809 0.015671525 0.0292958844 0.0546483323 0.096586511 0.15902209 0.241567039 0.337263338 0.436940816 0.535855805 0.62615551 0.705742872 0.773785632 0.829647507 0.87403322 0.91003372 0.93475635 0.957024196 0.971812861 0.983279801 0.990403463 0.994175357 1.0
0.00323885052 0.0010105926 0.000593612418 0.0003571438 0.000489154143 0.00051841396 0.000359614382 0.0 0.000725457928 0.000557435355 0.00027980251 0.000224115708 0.000341076393 0.000564818351 0.000499816554 0.000594869751 0.000681181036 0.000632829313 0.000335251646 0.000738065754 0.0013039766 0.000644823806 0.00192608409 0.00305497138 0.00462880683 0.00897382832 0.0173719535 0.0333273551 0.0610965468 0.106508298 0.174190763 0.26105869 0.36221335 0.467568926 0.567550109 0.663051986 0.744216125 0.811690959 0.86749923 0.908947843 0.942913913 0.966251592 0.98455419 0.992900431 1.0
0.00173457286 0.000639913459 0.000864992824 0.000899531374 0.000285240643 0.000318192653 0.000424646835 0.000831174683 0.000685210928 0.000218729099 0.000492313905 0.000236800881 0.000693004063 0.000434748971 0.000437667548 8.04455949e-05 0.000173478837 0.00036119754 0.000255833206 0.000185120307 0.0 1.94325524e-05 4.62108067e-05 0.000671759201 0.00190450918 0.00353791907 0.00751940441 0.0147501221 0.0294567591 0.0548373453 0.0973758799 0.161229347 0.246684285 0.346110928 0.449463481 0.548794586 0.642981302 0.727357716 0.797497341 0.8546709 0.902083861 0.936321987 0.965319575 0.984261207 1.0
0.0036812234 0.00233665131 0.00145548926 0.00159213513 0.0015507941 0.00094294687 0.00105594008 0.000382945814 0.00110118255 0.000708176442 0.000585380171 0.000927784699 0.000251131391 0.000247292617 0.000453966445 0.000796821138 0.000403274171 0.0 0.000118312753 0.000167408835 0.000548395687 0.000801523967 0.000393650851 0.000259054636 0.000580421754 0.00213193645 0.00431058458 0.00817102665 0.0166266404 0.032439261 0.0602166055 0.105961515 0.17356061 0.26057611 0.361820084 0.467329088 0.569935824 0.662601195 0.744623986 0.817114043 0.875026076 0.918616903 0.955340338 0.982246801 1.0
0.00218894765 0.00151312996 0.00091661038 0.00138592319 0.000565399751 0.000611136713 0.000600298912 0.000189569919 0.000605508878 0.000250825624 0.000690788891 6.59654657e-05 0.000797942118 0.000776103897 0.000386313578 0.0 0.000320508672 9.01215145e-05 0.000152760506 0.000116751834 0.000865469956 0.00137651602 0.00328906784 0.00687912191 0.0143806383 0.0273438177 0.05275855 0.0979408861 0.171715159 0.281140992 0.413552671 0.55374035 0.676316729 0.7719665 0.847266124 0.8989761 0.933833449 0.956171747 0.972047633 0.982666465 0.986209593 0.992423574 0.993447787 0.996887863 1.0
0.00735589306 0.00618587103 0.00574856149 0.00596159914 0.00579808735 0.00519701713 0.00490602726 0.00563943511 0.00486150318 0.0050396015 0.0 6.17794167e-05 0.000861640532 0.000837996679 0.000958651639 0.000908140042 0.00120567251 0.0020745668 0.00314050768 0.00543349713 0.0111434608 0.0218528992 0.0421747044 0.0776805327 0.140120312 0.235077194 0.360637904 0.502222545 0.636082167 0.745969644 0.832154378 0.894189243 0.933099543 0.958258793 0.977743267 0.984303773 0.990912926 0.995146754 0.995451833 1.0 0.995480476 0.999267611 0.998890552 0.995741973 0.997003775
0.00933625177 0.00729503644 0.0068010978 0.0065572803 0.00564581821 0.00505113519 0.00441146726 0.00388183329 0.00340552246 0.00182876815 0.00194790382 0.00130622328 0.00117322119 0.000544545668 0.000875099224 0.000240287938 0.0 0.000466615525 0.00103484682 0.00082249358 0.00128592331 0.00252856452 0.00442997047 0.00812068584 0.0156434869 0.0296089135 0.0548095275 0.0939155635 0.1527287 0.227289953 0.313436292 0.407230471 0.49601093 0.577211187 0.653506586 0.719857417 0.776888503 0.824787462 0.866720109 0.900570215 0.928610211 0.953856016 0.974784426 0.989272913 1.0
0.00868957705 0.00738923934 0.00679036132 0.00641892649 0.00625401399 0.0055485572 0.00588634443 0.00555066568 0.00541835556 0.000113369846 0.0 0.000671309532 0.000631730213 0.00142037672 0.00244475839 0.00162881967 0.00229360393 0.00284757649 0.00362524694 0.0066032769 0.0105027491 0.0182083212 0.0330364659 0.0583192846 0.099153242 0.156983553 0.231091632 0.314438202 0.402087469 0.487975292 0.566836333 0.637246559 0.701204524 0.755560323 0.804220561 0.84349585 0.87673851 0.902981431 0.926239201 0.947045248 0.960981775 0.974662861 0.984862719 0.992975464 1.0
0.00918987071 0.00364427479 0.00172321367 0.00233405959 0.00153396828 0.0 0.000979052344 0.000735683571 0.00189413617 0.00481191784 0.00348449023 0.00423252994 0.00394494093 0.00475462047 0.00507536638 0.00481269683 0.0058041799 0.00247824774 0.00373400807 0.00676956673 0.00552720673 0.00838226295 0.00820485991 0.0126314998 0.0187066281 0.0279935414 0.0488932232 0.0793965449 0.122621224 0.178971201 0.244857999 0.314088148 0.382292829 0.451334255 0.521005239 0.59159507 0.655389296 0.713402338 0.774892089 0.827088977 0.875230332 0.91456063 0.953291543 0.978771683 1.0
0.00386113709 0.00155492036 0.00177903205 0.000894936727 0.0 0.000499167206 0.00129330089 0.000874558261 0.00178629705 0.00179531987 0.00154140485 0.00110885685 0.00110297566 0.00238017574 0.00196493471 0.00367669305 0.00395975222 0.00631209281 0.0105470875 0.018928948 0.0324323763 0.0568184378 0.0929025658 0.139437396 0.194549087 0.254136168 0.315883553 0.378682825 0.441193848 0.502318066 0.562807942 0.620768041 0.677574502 0.730384614 0.780167352 0.826788746 0.873686476 0.910106729 0.944714968 0.977714851 1.0 0.961479049 0.979609263 0.989581985 0.999328988
0.00394447735 0.0017527662 0.00120739692 0.00123536151 0.0 0.000756465674 0.000946681518 0.00127541808 0.00226918907 0.00197331935 0.00147892247 0.00224774943 0.002265405 0.0024949581 0.00271404535 0.00357576604 0.002633397 0.00435929291 0.00410236158 0.00650178732 0.00905009395 0.0134066698 0.025418686 0.0436978227 0.0740989727 0.116503026 0.170027866 0.230823133 0.296154004 0.361962252 0.428525344 0.491053537 0.554977903 0.613459902 0.669123824 0.721016893 0.769776276 0.818282649 0.855560929 0.894214662 0.922996156 0.952860456 0.973658121 0.99107133 1.0
0.002860613 0.0 0.000585649003 0.000462942371 0.000657294306 0.000500694486 0.00073716775 0.000597069613 0.000658983154 0.00115709534 0.000615568857 0.00144850157 0.00133707572 0.00114842773 0.00178212901 0.00144840169 0.00128351925 0.000917218953 0.00156436927 0.00140101769 0.00133403942 0.00157810161 0.0016988361 0.00262618451 0.00406098098 0.00593613648 0.0104703618 0.0185384295 0.0344769062 0.0624412629 0.108371156 0.17530082 0.263144057 0.362731315 0.46964608 0.569352369 0.663672276 0.742602609 0.811670602 0.868197308 0.911493567 0.944936961 0.967993487 0.98560881 1.0
0.00276378204 0.000858917706 0.000684953563 2.40977142e-05 0.000254554114 0.0 0.00012319455 0.000461854338 0.000451879688 0.000579192524 0.000229661742 0.000282271099 0.00116316806 0.000356402123 0.000543737983 0.000898183591 0.0008353642 0.00101353702 0.00122189553 0.00106585073 0.00172258829 0.00195889917 0.00301787856 0.00495760803 0.00889395655 0.0173355175 0.0323649437 0.0592711178 0.103288885 0.169074031 0.253386433 0.350681399 0.452808928 0.550807872 0.643597289 0.722419464 0.790449031 0.8467378 0.889846334 0.924344862 0.950605053 0.969263858 0.985477136 0.995856057 1.0
0.0025448831 0.000150783586 0.00087054826 0.000677299358 0.0 0.00055103097 0.000837921292 0.000412012602 0.00101150833 0.000712276031 0.000969013345 0.000961088885 0.00102031741 0.00101895618 0.000697728999 0.000417244267 0.000956871655 0.000857885444 0.000633776952 0.00138344613 0.000868317246 0.00113753007 0.000971403851 0.0021365054 0.00300285312 0.00494910842 0.00881338175 0.0163384628 0.0306638771 0.0560718786 0.0996402566 0.163125741 0.247655619 0.345166977 0.448102437 0.548156227 0.641405585 0.725085965 0.79450903 0.852767167 0.898453478 0.935788432 0.963534244 0.983100829 1.0
0.0044936986 0.00280030484 0.00204262713 0.00194114832 0.00171751892 0.00186451037 0.00206190256 0.00147978745 0.00169190732 0.00167510763 0.000954027217 0.000851180414 0.00130165735 0.00107449618 0.000610556132 0.000904604097 0.000398943429 0.000977044628 1.92904487e-05 0.000956803253 0.000493215217 0.000643738439 0.0 0.000566176255 0.00084726994 0.00126122799 0.00326285186 0.00601701677 0.0119633931 0.0230963026 0.0439429148 0.080918239 0.137450755 0.216450981 0.311472952 0.418042598 0.525522194 0.621582492 0.713422225 0.79063219 0.85504793 0.909347987 0.948747285 0.980029095 1.0
1.0 0.586550405 0.391490606 0.294260263 0.265238908 0.277019013 0.170806615 0.141333239 0.258504351 0.140103722 0.0316512973 0.147757265 0.0 0.223434876 0.109813158 0.0997038513 0.00889379928 0.0792886455 0.164166852 0.142438543 0.0775814245 0.10755492 0.154221916 0.122917106 0.154616034 0.198182389 0.214208598 0.305434249 0.000288116883 0.1083609 0.11195092 0.294413428 0.154269547 0.170106169 0.355523626 0.279820798 0.110487922 0.231807544 0.162368106 0.188678734 0.280152809 0.3212125 0.25884757 0.247516218 0.184691327
0.00462379275 0.00240765931 0.00256837657 0.00149690749 0.00242836546 0.00187795438 0.00150627417 0.000670139066 0.000929643582 0.000979043227 0.000342250926 0.00054821978 0.0 0.000474274686 0.00034588573 0.000506554868 0.000230590486 0.000157758088 0.000299976538 0.000137755642 0.000635994368 0.000695261913 0.00278364795 0.00627081381 0.0111254296 0.022289595 0.0435184169 0.0806419535 0.14397516 0.242108148 0.369146144 0.508894426 0.641155947 0.745501671 0.82514657 0.886682423 0.927101691 0.951217726 0.968669743 0.977422568 0.988241645 0.990899836 0.994894635 0.996517189 1.0
0.00475925615 0.00308091983 0.00273227644 0.00161604899 0.00119485151 0.000852817188 0.000358404492 0.0 0.000538559041 0.000519729406 0.000282621606 0.00027659691 0.000521942921 0.00027581185 0.00056433813 0.000508447366 0.000458473082 0.00151903997 0.00298058955 0.00522117445 0.010792161 0.0209759438 0.0405890411 0.0766428043 0.137796524 0.23216811 0.35822881 0.501630031 0.634355161 0.745796609 0.831798064 0.89196128 0.936499539 0.961843673 0.977309749 0.986889228 0.990097593 0.990870604 0.995270702 0.99752406 0.998114701 0.997985209 0.997486185 1.0 0.998334945
0.0163327542 0.0138425068 0.0127250712 0.0122129879 0.0118619252 0.0110956513 0.00958284451 0.00810756723 0.00775620754 0.0 0.00126996718 0.000345797957 0.000665962687 0.000319671945 0.000357150957 0.000473715592 0.000358730395 0.000233082939 0.000415884994 0.000104209217 0.000674731727 0.00177022154 0.00374122756 0.00781909024 0.0156898091 0.0285567666 0.0528761641 0.0920897109 0.150110894 0.2240871 0.309350136 0.39770025 0.485664749 0.571011394 0.644736471 0.708092272 0.766124642 0.816526419 0.858070643 0.893357724 0.922229523 0.946012962 0.968296334 0.989015796 1.0
0.00564567214 0.00417860847 0.00259065141 0.00110342317 0.000780390125 0.000322788068 0.000461782351 0.000447787283 0.000486570141 0.0 0.0006130549 0.000984732612 0.000981547906 0.000532304477 0.000113026681 0.000717844461 0.00101129796 0.00189658348 0.0026469041 0.00509526873 0.0088460252 0.0167948825 0.0313230677 0.0563892742 0.0965099381 0.154522969 0.228155789 0.311387677 0.399844384 0.48483763 0.565598035 0.6381419 0.699818811 0.75275291 0.801549218 0.843079619 0.87476328 0.904982341 0.926886136 0.943794964 0.962911282 0.973803344 0.984308096 0.995523897 1.0
0.00190356324 0.000852188369 0.000515481644 0.000379646365 0.000499053912 0.000437587712 0.000349595874 0.000508263249 0.000803519127 0.0 0.00036001547 0.000104466647 0.000427489806 0.000178482653 0.000566051598 0.000372735929 0.000463026669 0.000771138351 0.000272667011 0.000345058878 0.000661430522 0.00102918615 0.00216614607 0.00338489354 0.00630047963 0.0121826807 0.0224885083 0.0411065389 0.0749137076 0.128044872 0.203399463 0.29493402 0.398355084 0.481268117 0.582650581 0.671065188 0.749978865 0.814326661 0.867180437 0.905637391 0.939804866 0.963723277 0.977737604 0.993008651 1.0
0.00195835162 0.000628832475 0.000304724807 0.000572015418 0.0 7.97809524e-05 9.42084743e-05 0.000219958214 0.000524904051 0.000172609775 5.48687894e-05 0.000453868023 6.64960103e-05 0.000511870441 0.000865291254 0.000595521192 0.000861072086 0.000954095201 0.000891025148 0.00150417701 0.00241698247 0.00357675988 0.00668171447 0.0122408736 0.0236505747 0.0429244518 0.0762334931 0.128599854 0.200789406 0.289405412 0.388302881 0.486202403 0.57893408 0.665352546 0.738627053 0.800155137 0.849003879 0.889130649 0.920374125 0.944244531 0.963056993 0.974171411 0.984029059 0.990900246 1.0
0.00193371101 0.000617275728 0.000375847508 0.000418685623 0.000160511578 0.0 0.000225449601 0.000120245968 0.000221315413 0.000241853637 0.000178677281 0.000698874128 0.000249069377 0.000666960524 0.000244937007 0.000314901868 0.000473509975 0.000456282373 0.000908316022 0.00149927403 0.00167823674 0.00373439353 0.00610492678 0.0120191737 0.0225957593 0.0425260255 0.0761515422 0.12927783 0.204441957 0.295201298 0.397248698 0.496777878 0.590012716 0.677062179 0.749371383 0.810881122 0.861603668 0.899919334 0.932032921 0.95345232 0.96912176 0.982186313 0.989832243 0.994823289 1.0
0.0026068002 0.000963116867 0.000578573624 0.000905168309 0.000275202352 0.0 0.000824801697 0.000666315353 0.000273114512 0.000853962088 0.000622338743 0.000914248891 0.000556473652 0.000878970486 0.000878308942 0.00101050441 0.000757138085 0.00134944509 0.00102360332 0.00167958268 0.00206305662 0.00350730217 0.00509074946 0.00882573448 0.0175954763 0.0324018876 0.0582457159 0.103015868 0.167879786 0.252336477 0.349911248 0.452256173 0.551102346 0.641665051 0.721009684 0.789805567 0.845258318 0.889091855 0.921549392 0.947768575 0.965120467 0.978746203 0.988861188 0.99792982 1.0
0.00143135675 0.0 1.70145145e-05 0.000589202185 7.45809596e-05 0.000567058282 0.000724971674 0.000679510936 0.000497881563 0.000942926922 0.000991248213 0.000654728811 0.00037231308 0.00116501369 0.000996472136 0.0013187553 0.00146198078 0.000675052044 0.000871411341 0.00130918102 0.00223687383 0.00329225166 0.00598018957 0.0101340437 0.0195583796 0.0362417492 0.0652384943 0.112726643 0.180930854 0.267621759 0.365500105 0.465870631 0.564849503 0.652362857 0.727615572 0.796432862 0.84947411 0.892468081 0.92449634 0.950213967 0.968706463 0.979834436 0.991667151 0.998571036 1.0
0.00289557826 0.000950647701 0.000285929445 0.0 0.000110904613 0.000850121686 0.000131549203 0.000524427007 0.000672223502 0.000391220607 0.000535659541 0.000699936049 0.00134125272 0.000744845539 0.0011559938 0.000549602146 0.000706621142 0.000650978342 0.000819946803 0.000404298016 0.00140736421 0.00183178131 0.00122888047 0.00217401419 0.00301359587 0.0046529058 0.00911002581 0.016402258 0.0310511634 0.0570284497 0.0996375917 0.163521866 0.246451828 0.343860099 0.446616315 0.548005475 0.642045862 0.723472347 0.792565977 0.852060282 0.897645764 0.935082735 0.966215598 0.985200526 1.0
0.00331864105 0.00115584567 0.000804018559 0.00102829702 0.000769480971 0.000409700386 0.000417708263 0.00144020339 0.000634089413 0.0006239984 0.000350909268 0.000698254215 0.0 0.00102571899 0.000443579865 0.00108982939 0.000563945466 0.00077975099 0.000490895308 0.000854322697 0.000694265194 0.000654599616 0.000839707401 0.00128594603 0.00225845291 0.00483899692 0.00864847887 0.0168488799 0.0316792273 0.0588737804 0.103401717 0.169721637 0.25535304 0.355207752 0.458764193 0.560093318 0.653586662 0.734302535 0.802991291 0.859618766 0.905134499 0.937865575 0.966750551 0.985275896 1.0
0.0036392203 0.00184547093 0.000987310185 0.00145276185 0.00115884455 0.000749942348 0.00113360678 0.00122554039 0.000908346012 0.00096988293 0.000860257246 0.000189000668 0.000700685653 0.0011738307 0.000835165461 0.000304820786 0.000428173022 3.82360697e-05 0.000220485502 0.000238084211 6.96275366e-05 0.00020349622 0.00049087617 0.0 0.000598354428 0.00155911292 0.00311261537 0.00655935837 0.0129459754 0.0250523021 0.0475840044 0.0859058286 0.145228213 0.224943905 0.321302706 0.428488133 0.53177159 0.627881379 0.715969356 0.790212478 0.854642587 0.906136572 0.94599467 0.976763236 1.0
0.0335419377 0.0217999949 0.00868850416 0.0125728374 0.00798738644 0.00110531827 0.00475855947 0.0 0.0057591646 0.00686165122 0.000802186003 0.00241042068 0.00710476693 0.00719665775 0.00307057378 0.0100134572 0.00639220643 0.00833839546 0.0102156228 0.00378789727 0.0138339257 0.0119002105 0.0111489507 0.0133466633 0.0178108323 0.0266434169 0.0421267597 0.0653930726 0.116010034 0.178490452 0.258475723 0.339596169 0.427697617 0.497048878 0.564962763 0.630927379 0.684642824 0.738879685 0.784789478 0.832091036 0.867642824 0.911060165 0.945185017 0.971217638 1.0
0.0033624901 0.00202067177 0.00188549276 0.000865974721 0.0010157769 0.000913242058 0.00143086392 0.00110523643 0.00144030405 0.00106759559 0.000873133288 0.0011967676 0.00094892307 0.000850525635 0.0 0.000461846253 0.000408695512 0.000719652751 0.000690549615 0.00111458632 0.00126328401 0.00197118369 0.00405411282 0.00729415984 0.0145523483 0.028431911 0.0532718184 0.0967065103 0.171121722 0.27831597 0.411330118 0.551798907 0.673579759 0.769276915 0.845276669 0.898532611 0.932053573 0.955930134 0.973357929 0.983128003 0.988710151 0.993444193 0.996525549 0.997044198 1.0
0.00506214274 0.0030100571 0.0022811134 0.0023528046 0.00277361525 0.00170496167 0.0016798661 0.00149728796 0.000377794305 0.000426638905 0.000376891878 0.00109789828 0.000572744813 0.0 0.000404301312 0.000591947234 0.00145486174 0.001726699 0.00270637534 0.00546208807 0.010702167 0.02195349 0.041525675 0.0783725013 0.140689653 0.234931635 0.361282163 0.501317478 0.634296056 0.747404141 0.833265912 0.893969691 0.933835528 0.959910712 0.977668237 0.985113638 0.992971084 0.994304066 0.996678387 0.996966859 1.0 0.998858532 0.999314815 0.99658827 0.99802645
0.0421719627 0.0337597483 0.0307842858 0.029474941 0.0279374536 0.0265431188 0.0262797324 0.0235249381 0.0210696959 0.0218558727 0.0198056393 0.0181045819 0.000235877059 2.15356627e-05 0.0 0.000661190458 0.00121344215 0.00062728074 0.000955460502 0.00205713398 0.00297270127 0.00253076162 0.00401832121 0.00691684191 0.010996695 0.0168278423 0.02904591 0.0525409208 0.092617205 0.150368736 0.225943645 0.308296264 0.388092952 0.464132484 0.537555695 0.605749869 0.667396147 0.721265575 0.772902841 0.819390686 0.861554831 0.901159136 0.937821809 0.970731627 1.0
0.0117746708 0.00864330765 0.00668907566 0.0063478536 0.00595029924 0.00609680225 0.00561038478 0.00475906713 0.00377329748 0.00305067798 0.00272547353 0.00218065587 0.00161296415 0.000857318284 0.000582755992 0.000586658891 0.000126504885 0.0 0.000820669643 0.000962165164 0.00237769158 0.00331012823 0.00718660874 0.0134711343 0.025619321 0.0473549628 0.0829814508 0.136672188 0.207121284 0.291263928 0.379056957 0.466996332 0.550901014 0.627043312 0.692062856 0.753608526 0.803920238 0.847427438 0.87920915 0.911386548 0.939484662 0.959946645 0.974034077 0.989218266 1.0
0.00807186614 0.00639579742 0.00496398316 0.00413483872 0.00327805827 0.00286143245 0.00241655229 0.00143435728 0.00177246721 0.000913110783 0.000110860003 0.000562510573 0.0 0.000282504509 0.000242269664 0.000431252097 0.000663785775 0.00145281748 0.00205192862 0.00475030314 0.00864388592 0.0167340921 0.0319395605 0.0583531564 0.100401248 0.160383 0.237297973 0.323177192 0.41481741 0.50403214 0.583563701 0.655391805 0.691902726 0.750732896 0.798009699 0.836433401 0.874418628 0.902232844 0.92680032 0.944454307 0.959639045 0.974094505 0.981927585 0.993320318 1.0
0.0247824402 0.0197977016 0.0202369143 0.0204166651 0.0182633147 0.0180262921 0.0194884799 0.0201025322 0.0193328317 0.0190719484 0.0182116679 0.0195623362 0.0200020691 0.0201787958 0.0 0.000810998579 0.00117829046 0.00299667138 0.00123055423 0.00390222376 0.00611752137 0.00597557877 0.00828151085 0.016813266 0.0282306086 0.0516215481 0.0838534221 0.128847827 0.186124253 0.248472495 0.311398971 0.378171487 0.447227636 0.512781786 0.576698824 0.639029109 0.699174621 0.755912369 0.806390828 0.85305996 0.892198053 0.927888215 0.956461831 0.980854625 1.0
0.00198654815 0.000335293036 0.000599246354 0.00109161826 0.000347210709 0.000822735198 0.0 0.000142949701 0.000423526951 0.000885792835 0.000518096515 0.000323619642 0.000735413429 0.00139181056 0.00286044671 0.00369497484 0.00635367608 0.0104011448 0.0194968237 0.0361022397 0.0622040631 0.101779291 0.151496138 0.210440307 0.272471252 0.336201305 0.397872124 0.458567333 0.519447742 0.575367948 0.623551314 0.672143896 0.717396975 0.762420151 0.801110033 0.834243878 0.867133284 0.899170716 0.920437564 0.940543683 0.958158777 0.977164994 0.988875905 0.994654051 1.0
0.00133239093 0.000374550315 0.0 0.000651858109 0.000525437905 0.000390147657 0.000937556761 0.00125420031 0.00041219872 0.000792511165 0.000965541577 0.00056337858 0.000766424402 0.000759787163 0.000727992646 0.000640906495 0.000464132653 0.000852660932 0.000388276792 0.000373408424 0.000353282602 0.00114035109 0.00182310142 0.00283992442 0.0038713779 0.00811368163 0.0158757391 0.0287061307 0.0542096423 0.0955560229 0.157049571 0.240070606 0.337679233 0.440427245 0.539809059 0.631510934 0.71638239 0.785363118 0.844336585 0.888585696 0.92504017 0.953179617 0.975404641 0.990583438 1.0
0.00255843946 0.000654742719 0.000840804408 0.00116466306 0.00032141189 0.0 0.00011467964 0.000799403759 0.0004345486 0.000886670938 0.00110598316 0.000228858023 0.00109254635 0.000160449051 0.000775907364 0.00119436407 0.00120583031 0.00102284038 0.000465584206 0.00110637477 0.000700584186 0.00193967599 0.00299006355 0.00584394512 0.0106191473 0.0201857657 0.0378569269 0.0679580367 0.118499884 0.190162153 0.279620004 0.381821001 0.483832167 0.582212602 0.670449644 0.749909557 0.814585932 0.866933452 0.90879414 0.939487678 0.962529026 0.978910713 0.991346473 0.997848611 1.0
0.00379611331 0.00205327695 0.00156089106 0.00154866816 0.00101101819 0.000717600417 0.000536474058 0.00103663815 0.0011813863 0.000802782722 0.000261564745 0.000659170245 0.000870399752 0.000610502641 0.000173484642 0.000418849017 0.000611773053 0.000434583919 0.0 5.11979268e-05 0.000131405329 0.00054403353 0.000557910062 0.000775988592 0.00119606777 0.00304696084 0.0066618673 0.0130005952 0.0241529081 0.0459801602 0.082383265 0.140116247 0.219244633 0.314248071 0.415518043 0.51910179 0.617188788 0.702587695 0.780040681 0.839636817 0.892122217 0.929806166 0.960502194 0.983874329 1.0
0.00551548785 0.00327806662 0.00253316196 0.00265035474 0.00173459923 0.00151752272 0.00160130576 0.0016483857 0.00113246933 0.00108267529 0.000362776795 0.000679197297 0.00125566442 0.000705114468 0.000652446473 0.000960313862 0.000493894166 0.0 0.000545097681 0.000177124732 0.000283466264 0.000199146937 0.000523720055 0.000764025411 0.0008180771 0.00196288622 0.00371750689 0.00779588262 0.0154762243 0.0302095602 0.0567682473 0.0998237122 0.165195228 0.250293232 0.350739835 0.456614853 0.558704109 0.653691085 0.739839938 0.809483203 0.86762495 0.914441901 0.953035441 0.980771071 1.0
0.00526635583 0.00293407298 0.00185133139 0.00194523811 0.00141037414 0.000529945536 0.000459303604 0.000835761143 0.000834985439 0.000845257709 0.000299244314 0.000570170137 4.56925764e-05 0.000319985421 0.000116283781 0.000685247032 0.000162618903 0.0 5.37983693e-05 0.000253900487 0.00121940293 0.00148506157 0.00298379414 0.00582146419 0.012416686 0.0238987477 0.0460096725 0.0853192339 0.151909028 0.254084391 0.383198568 0.523219402 0.651865179 0.753472204 0.830489852 0.889096941 0.928708918 0.956242326 0.97113368 0.981524182 0.992745474 0.993346803 0.995040223 0.99997054 1.0
0.00791073566 0.00589541425 0.00424016019 0.00307754634 0.00133212307 0.000961927116 0.00116147586 0.000962892997 0.0 0.00132723291 0.000578443707 0.000781600838 0.00102615522 3.33320329e-05 0.000476708211 0.000890439716 0.000407513008 0.00223711378 0.00279266791 0.00614726235 0.0115730373 0.0222841437 0.043042992 0.0799811354 0.143126733 0.239448381 0.366781039 0.509479249 0.641594081 0.751033978 0.832923338 0.891580657 0.933374914 0.95969671 0.974664207 0.983231219 0.990686429 0.992092729 0.993281351 0.994103592 0.997831956 1.0 0.99720246 0.998086082 0.996223923
0.00907059418 0.00797712912 0.00624630652 0.00508424521 0.00360146275 0.00283447158 0.00168195144 0.00102203951 0.0011768466 0.000736221183 0.00054318338 0.000921672111 0.000243066323 0.000336769931 0.0 0.000708532795 0.000585951407 0.000837791994 0.000701476541 0.000751300822 0.00111943544 0.00277049074 0.00470002978 0.00920102876 0.0162075065 0.0303132084 0.0559105405 0.0970175627 0.156166657 0.23278985 0.321218632 0.41327888 0.482224466 0.567349164 0.641757201 0.707195058 0.768225636 0.817556652 0.858434969 0.891333763 0.924200461 0.948383372 0.967599726 0.985009339 1.0
0.0110891251 0.00280386115 0.00165281828 0.00103144626 0.000672731873 0.000400160076 0.000209576437 0.000534701422 0.000466267392 0.000751138089 3.30613942e-05 0.000467613521 0.000284568979 0.000251221338 0.0 0.00030854787 0.000187409792 0.000867999887 0.0019554749 0.00384156226 0.00777543301 0.015882095 0.0303553866 0.056035342 0.0967408946 0.154943992 0.228565261 0.312427313 0.40109858 0.486649399 0.565250536 0.638290368 0.700521698 0.756353539 0.804547764 0.846213698 0.876633726 0.904648465 0.929231035 0.947240711 0.964407241 0.978013709 0.986950913 0.996011779 1.0
0.00465843115 0.00168852709 0.000821324614 5.54724278e-05 0.000890163274 0.000177673358 0.000561535714 0.000463675736 0.0 0.000241329775 5.27349262e-06 0.000228630809 0.000454721825 0.000352896271 0.000556264123 0.00057895687 0.000160223686 0.000260978953 0.000202445846 0.000545836903 0.000660197933 0.00119957319 0.0022236117 0.00486724929 0.00937814051 0.0173057873 0.0274279484 0.0553485483 0.101134197 0.16954456 0.258466993 0.361567106 0.468317607 0.571052454 0.666054036 0.747100896 0.809499119 0.865380151 0.907405078 0.935912404 0.961859617 0.977924259 0.990087606 0.996427228 1.0
0.000848571531 0.000539648479 0.000773985176 0.000706879441 0.000413234979 0.000526579856 0.000148876391 0.000902713787 0.000658877678 0.000850886642 0.000409530036 0.000415653324 0.000593400742 0.000331462411 0.0 0.000124681468 0.000413772177 0.000600210344 0.000885058911 0.000408170792 0.00102014978 0.00148168475 0.00133337615 0.00362838576 0.00643364711 0.0107687307 0.0204297006 0.0382248062 0.0695648531 0.118809873 0.189217293 0.277890658 0.380677977 0.482325424 0.581196434 0.670526211 0.748315141 0.813344253 0.866359781 0.907509645 0.941841306 0.962253143 0.980104928 0.991260261 1.0
0.00122361668 0.0 0.000425716413 0.000928371604 0.000459645272 0.00140430947 0.0010610987 0.00138080715 0.00125401683 0.00103568334 0.00105469409 0.0014906684 0.00123492086 0.00160397131 0.00141433889 0.00154686653 0.0014508898 0.00139792118 0.00124846448 0.00190695016 0.00178681832 0.00217277064 0.00305440778 0.00505828665 0.00746677319 0.0140608362 0.0245225768 0.0447534024 0.0794498567 0.133953475 0.209748194 0.30138258 0.402630545 0.504017623 0.599110758 0.686963455 0.761478856 0.824041761 0.873842416 0.912549461 0.944932584 0.966703307 0.983068551 0.996556864 1.0
0.00189035993 0.000803971289 0.000536894249 0.00056289774 2.05165462e-05 0.000338466821 2.59472995e-07 0.0 0.000147774002 1.19952547e-05 0.000127930103 0.000495938833 0.000488719864 0.000757140546 7.09005826e-06 0.000668476805 0.000127503707 0.000501115071 0.000934134182 0.00178660213 0.00235357872 0.00489608188 0.00886849939 0.0170480963 0.0322144581 0.0596974477 0.103604445 0.169605486 0.25400835 0.352476827 0.452994671 0.550178876 0.640933327 0.718782818 0.787389666 0.841425848 0.884971553 0.918973257 0.946530383 0.962034721 0.976770245 0.986894237 0.993526294 0.999705407 1.0
0.00167558414 0.00118297766 0.000800166953 0.00109349366 0.000721045204 0.00054764195 0.000701987478 0.0014030525 0.00060400202 0.00105363029 0.00055845926 0.000781125102 0.00103764508 0.000731283991 0.000387938035 0.00078547813 0.00065315349 0.00130783442 0.00118989523 0.000477078098 0.0 0.000626502659 0.000450510165 0.000974079941 0.00134816872 0.00234652719 0.00408299023 0.00800016855 0.0145545145 0.0276430446 0.0502902436 0.0901505619 0.149517863 0.230356191 0.327485138 0.431696876 0.534249553 0.632949841 0.719222647 0.792224385 0.854565568 0.904306363 0.946481723 0.977616433 1.0
0.00225054357 0.000847520585 0.000434168762 0.000551082892 0.000347062526 0.000484311073 0.0 0.000381146341 0.000269907282 0.000706461944 5.87509197e-05 0.000150320075 0.000240439992 8.72915648e-05 0.000118139638 0.000236566452 0.000230487331 0.00024612675 0.000444186539 0.000660717438 0.000863225119 0.00178216076 0.00448911256 0.00771354429 0.0151413482 0.0290367221 0.0535970225 0.0952423017 0.157232302 0.239773354 0.336659992 0.436272639 0.537386648 0.62857038 0.707934389 0.777699591 0.837131095 0.879406633 0.917918931 0.945461138 0.966717295 0.978906319 0.991840833 0.997874039 1.0
0.0040652312 0.00249515765 0.0015700025 0.00112468229 0.00136536884 0.00162698057 0.000659669574 0.000806689293 0.00124881949 0.000825298327 0.00118802796 0.000660072767 0.000809770965 0.000663930629 0.00021322504 0.000682509468 0.000781101649 0.000671520245 0.000595865648 7.76936507e-05 9.75495632e-05 0.0 0.000559857158 0.0013969653 0.00222995094 0.0043038485 0.00762848206 0.0150027502 0.029058063 0.0527295841 0.0952197146 0.15730871 0.241743324 0.340538461 0.445384348 0.552227605 0.645727979 0.728615456 0.805465589 0.860386728 0.906578388 0.938189392 0.97207679 0.987851041 1.0
0.00343425838 0.00120811282 0.000863536851 0.000576263123 0.000150405075 0.000304888938 0.0 2.39901402e-05 0.000381326275 6.97549949e-05 9.422772e-05 0.000282765594 0.000397320274 0.000562281898 4.10695262e-05 0.000574586956 3.53815497e-05 0.000462634113 3.36229483e-05 0.00054125768 0.000528873623 9.46038271e-05 0.000542949304 0.000204624612 0.000863267222 0.00209392071 0.00386238337 0.00813951675 0.016613774 0.031299798 0.0577754482 0.101614231 0.168398123 0.252742618 0.352531016 0.456687737 0.558885676 0.652689632 0.736786931 0.8067127 0.862663575 0.909503404 0.95101902 0.976375127 1.0
1.0 0.467328185 0.342382375 0.2557697 0.220691545 0.15243062 0.178143254 0.171862262 0.182964524 0.0974108054 0.105065353 0.0337005723 0.122940908 0.140821025 0.114741179 0.108378584 0.158304403 0.0707312863 0.101443428 0.0818397221 0.0724511169 0.000107103542 0.0567541399 0.10720635 0.0684643956 0.0420680701 0.0569049975 0.02341219 0.0 0.0566618 0.128164822 0.10727131 0.141815021 0.11303638 0.160066109 0.183146788 0.280161122 0.181599289 0.207062284 0.151673379 0.114751647 0.144757282 0.166401592 0.135739647 0.199168834
0.0111938249 0.00103919602 0.00110438368 0.0 0.000772702623 0.000608741449 0.0021782274 0.00122402665 0.0010302126 0.00103842076 0.00157614728 0.00251145897 0.00237559807 0.00191647005 0.0019416126 0.00268463503 0.00248559627 0.00327302141 0.0025897378 0.00244256772 0.00400835008 0.00360817826 0.00333775347 0.00417810914 0.00435378366 0.00691257734 0.0100237907 0.0148967278 0.0224581725 0.0364116082 0.0643548468 0.104403854 0.160215988 0.229992976 0.305978128 0.386609596 0.467505262 0.545825596 0.621685884 0.695170801 0.7641399 0.827763955 0.892926233 0.949522004 1.0
0.00569842679 0.00069860342 0.000392218248 0.000312821985 0.0 0.000712825839 0.000629360941 0.00115651188 0.00195958219 0.00168502052 0.00128195406 0.00190307089 0.00161153579 0.00175088434 0.00177279443 0.00274286576 0.00230099146 0.00304372222 0.00270450752 0.00324170986 0.00295580586 0.00396214769 0.00465414515 0.00449670587 0.00442124024 0.00536738497 0.00692842339 0.00977019171 0.0123136454 0.0202467057 0.0328470919 0.0542755893 0.0910604127 0.143277339 0.21094442 0.288188329 0.371725705 0.459587672 0.54391991 0.627516264 0.709911071 0.786383698 0.860008778 0.932434471 1.0
0.00129963605 0.00029621716 0.00011931443 0.000555289279 0.000411057964 0.000509171297 0.000121909059 0.000636227411 0.000473863048 0.0 0.00110796925 0.000664168306 0.000749565385 0.000428805671 0.0010623834 0.000686029988 0.000820411252 0.000972842991 0.00107269036 0.00211799948 0.00293932822 0.00492185647 0.00855942998 0.0159504087 0.0290070915 0.0539220558 0.0945389076 0.155023429 0.233233725 0.322982235 0.416645337 0.508234134 0.592463721 0.6688425 0.734945003 0.791485888 0.838152063 0.876745689 0.906734166 0.931861957 0.953699555 0.970898151 0.980951308 0.994574376 1.0
0.00147119565 0.000369950004 0.000615233379 0.000490339026 6.06810866e-05 0.000168835265 0.00029956689 0.000309332812 4.43881682e-05 0.0 0.00023340732 0.000427097273 0.00059215625 0.000414798536 0.000590070691 0.000363115006 0.000296596648 0.000517985381 0.000826690722 0.0011999288 0.00180908244 0.00350065599 0.00627629923 0.0132963354 0.0257365938 0.047665363 0.0857036361 0.142712314 0.2210852 0.315036881 0.414787695 0.514658001 0.604982994 0.68814067 0.758104327 0.816804399 0.86587412 0.905107572 0.931720057 0.951090218 0.96830028 0.978928358 0.987648939 0.99507987 1.0
0.00221343577 0.000715813476 4.99732492e-05 0.000599073544 0.00023317543 0.0 0.000524181227 0.000495600408 0.000353043501 0.000419864913 4.30243012e-05 0.000409524441 0.000630098382 0.000558546281 0.000571053703 0.000531503021 0.000354392927 0.000167742782 0.000583172887 0.000557892946 0.000245535767 0.000781420576 0.000698429989 0.000523539865 0.00181517536 0.00396765604 0.0078360326 0.0139077439 0.0264041296 0.0489232449 0.0871023215 0.145664349 0.225803277 0.321612319 0.426366098 0.528349669 0.623301559 0.708336434 0.782712399 0.841751092 0.893616149 0.928022355 0.962051549 0.982158368 1.0
0.00771918832 0.00383295366 0.0026636513 0.00226566758 0.00144230531 0.00135453205 0.00156399326 0.00169332538 0.00122263063 0.000555224536 0.00127216869 0.00162512603 0.00117535562 0.00061088162 0.000891288253 0.000875198303 0.0 0.0006412959 9.03261165e-05 0.00101849916 0.00133274032 0.00204432184 0.00258806677 0.00462084322 0.00873749632 0.0165547022 0.0321847646 0.0598139934 0.108982968 0.191089141 0.304456978 0.439272227 0.570678215 0.681333745 0.767984037 0.836175746 0.888587297 0.92286888 0.946736084 0.963829086 0.978908018 0.987212492 0.991621658 0.998024083 1.0
1.0 0.695849281 0.395933637 0.332815326 0.249942571 0.273038327 0.209227787 0.155051374 0.214513875 0.182844479 0.0986583129 0.117690926 0.0548999028 0.0696754175 0.017378654 0.129761469 0.044613098 0.0384926896 0.038653728 0.022988239 0.000429356931 0.0841641418 0.0403446318 0.0095820247 0.00269763089 0.147054867 0.0817866932 0.0 0.0555826584 0.145885681 0.0785877117 0.0422780405 0.115267298 0.173077497 0.211168774 0.123874093 0.14373937 0.106913665 0.212615515 0.19261525 0.218436108 0.204432157 0.19684843 0.217716408 0.22658418
0.0178442511 0.0147563203 0.00740416173 0.00645029608 0.00581041112 0.00433893096 0.00409211076 0.00337296186 0.00299800255 0.00259768081 0.00254344915 0.00268092986 0.001692739 0.00163389579 0.000578758197 0.000445063655 0.00086421886 0.000417832482 0.000840856389 0.0 0.000404821115 0.00169956849 0.00165648156 0.00348435211 0.00704292488 0.0134766033 0.0246060983 0.0467893122 0.0821024404 0.135688814 0.208337451 0.293157459 0.384010708 0.477343399 0.563933311 0.642692832 0.711478026 0.771347137 0.823996625 0.871043123 0.904759015 0.937891914 0.960806513 0.985563796 1.0
0.00610146089 0.00430257969 0.00447444527 0.00439164644 0.00365468903 0.00387358611 0.00356645292 0.00347708155 0.00352624369 0.00362914625 0.0032556518 0.00378265086 0.00412953811 0.00373425029 0.00337282232 0.00346311998 0.00421886698 0.00389648641 0.0 0.000413191846 0.000912103064 0.00195671791 0.00302961541 0.00635483948 0.010725424 0.0208066802 0.0390978328 0.0704642827 0.12037525 0.190868518 0.279964018 0.379228 0.480636421 0.575402949 0.663704027 0.740676499 0.804899279 0.856834734 0.896792033 0.929672246 0.957340672 0.973406633 0.985376377 0.993757213 1.0
0.00330693748 0.00196608271 0.00191588429 0.00131041051 0.000815849714 0.000968263271 0.000742892263 0.000750745952 0.000632752021 0.000496835054 0.000206471983 0.000635471239 0.000603983241 0.000227615965 0.000511341214 9.06406091e-05 0.000449853921 0.0 0.000621007195 4.70214182e-05 0.000617573839 0.000960222808 0.00141974872 0.00192935953 0.0031513048 0.00567173266 0.0112136698 0.0207772282 0.0384915015 0.069002524 0.118579876 0.189280036 0.277887384 0.375252622 0.476818114 0.576552596 0.663079473 0.743019396 0.807407017 0.861678426 0.90376142 0.937587418 0.963109387 0.983432226 1.0
0.0021059285 0.000550448559 0.000265118593 0.000131353237 9.40764029e-05 0.000277467061 0.000375936832 0.000448610853 0.0 0.000219079482 0.000345597192 0.000370997821 0.000952258284 0.000839131409 0.000258738331 0.000630400331 0.000744261002 0.00062440202 0.000680994621 0.000352432784 0.000485419187 0.000984964886 0.00149190499 0.0014515989 0.0020117505 0.0038348477 0.00664605571 0.0121515404 0.0226707668 0.0419629263 0.0751262694 0.12832033 0.201892047 0.294460816 0.394576835 0.498857531 0.594807935 0.683759585 0.762574797 0.826110588 0.880582942 0.922640268 0.956001407 0.979519567 1.0
0.00277915718 0.00110785904 0.000885649533 0.000663370869 0.000506817841 0.000310779422 0.000122818609 0.000280451607 5.54721319e-05 0.000487270214 0.000178138233 0.000675438509 0.000544680617 0.000430992982 0.000407607828 0.00063602228 0.00048719928 0.0 0.000559200799 0.000974967805 0.00118876809 0.00143216025 0.00163707782 0.00418700126 0.0071818562 0.0140364462 0.0269952494 0.0499703023 0.0886805722 0.147090147 0.227154695 0.322165751 0.423580369 0.523365502 0.61691831 0.7026384 0.773399794 0.834321318 0.879619522 0.917209979 0.946690024 0.96695231 0.981652264 0.992542624 1.0
0.00156517737 0.000644502448 0.00028188779 0.000676435243 0.0 0.000539006955 0.000602540159 0.000685436902 0.000784992084 0.000465178348 0.000383467962 0.00062057075 0.000732298031 0.0006877278 0.000696969799 0.000952542948 0.000732765074 0.000750955892 0.0016685814 0.00202056827 0.00372763641 0.00700462224 0.0131080882 0.0250732844 0.0455602072 0.0826211946 0.139614038 0.215908576 0.308512203 0.407596828 0.50750879 0.601089997 0.684811257 0.756990777 0.81387373 0.865052025 0.90283234 0.929762426 0.953809499 0.968973167 0.980743206 0.98843003 0.993155432 0.998202777 1.0
0.00161848828 0.000482000445 0.0 0.000573749702 0.000335873754 0.000182646676 0.000412514995 0.000876552378 0.000536485223 0.00092780294 0.00123579975 0.000593200018 0.00093198249 0.000740516167 0.000837447443 0.00071128702 0.000875091094 0.000698029847 0.00081702236 0.000628031909 0.000977349824 0.000636782301 0.00104794509 0.00232083272 0.0025878045 0.00508568462 0.0092739849 0.0175316103 0.0323928102 0.0594977453 0.104543881 0.169513542 0.256100692 0.354467093 0.457638693 0.560784051 0.65099606 0.732977038 0.801957574 0.859652006 0.906295258 0.940561745 0.965974066 0.986443299 1.0
0.00413838845 0.00270082734 0.00130897515 0.00125810716 0.00140725332 0.000174619924 0.0 0.000827363029 0.00134687632 0.000465941281 0.00112441399 0.00126885752 0.0016276617 0.00152573553 0.00182691859 0.00345879192 0.0034640893 0.00614578798 0.00731358724 0.0141271944 0.0251924371 0.0443555941 0.0730728191 0.11493519 0.165032252 0.222624787 0.282317249 0.343040733 0.405419271 0.464724236 0.523007093 0.579104826 0.632871338 0.681918682 0.728141848 0.775455528 0.816126085 0.856234425 0.889753563 0.920326202 0.945361685 0.959092368 0.97631955 0.994557502 1.0
0.0026832088 0.00157832871 0.000763388641 0.000530570939 0.000389289738 0.0 0.000251184552 0.000234254995 0.000745297486 6.70712598e-05 0.000470347962 0.000729185827 0.000700410544 0.000592889205 0.000891100098 0.000524150905 0.0011407187 0.00207825699 0.00368422695 0.00613056716 0.0114693729 0.0215545382 0.0400297148 0.0730751081 0.123443974 0.193968896 0.27861823 0.371663791 0.465608436 0.554326693 0.634512226 0.704658181 0.763164724 0.813831397 0.854460564 0.889943411 0.916360461 0.940710368 0.955695926 0.970260816 0.979100425 0.98630447 0.993944115 1.0 0.999279171
0.00256391716 0.000899806457 0.00060438789 0.000955083351 0.000713883831 0.000908835545 0.000570718476 0.000318221021 0.000339299577 0.0 0.000199583796 0.000161629572 0.000201003162 4.09603579e-05 0.000486430963 0.00032656981 0.000612749145 0.000588386637 0.000572511827 0.00114817048 0.00275304004 0.00503080458 0.00991767981 0.0200813711 0.0374912774 0.068890535 0.119014633 0.189897672 0.278255816 0.37713131 0.479372258 0.576855516 0.664760451 0.740744309 0.803224995 0.855589361 0.89723547 0.928255151 0.950273012 0.967469351 0.981199976 0.988847875 0.994204889 0.997775897 1.0
0.00205893146 0.000597720796 0.000486926034 0.000830217295 0.000652134833 0.000617820242 0.000675365569 0.000411620972 0.000450024803 0.0 0.000786873102 9.07390973e-05 0.000159860388 0.000503247969 0.00037340628 0.000582738591 0.000533471568 0.000790415942 0.00145606716 0.002671004 0.00535300955 0.0102113612 0.0192246818 0.0368303872 0.0674774407 0.116056649 0.186474381 0.275588179 0.37660691 0.475121365 0.573405142 0.66111655 0.736102331 0.800129092 0.852115197 0.893738319 0.92681136 0.94827407 0.967687561 0.979059501 0.986919139 0.991342436 0.996475548 0.997490306 1.0
0.00604276632 0.0048496262 0.00326026474 0.00302653805 0.00195223378 0.00124893146 0.0012987334 0.000203997263 0.000936607757 0.00124790128 1.42088739e-05 0.000883140306 0.000561708707 0.0 0.000747318485 0.000861163169 0.00166973334 0.00400895679 0.00770830508 0.015144126 0.0309553843 0.0588088638 0.107673782 0.187380709 0.299265077 0.43659991 0.571926418 0.695145088 0.789974896 0.861360662 0.912597434 0.942822236 0.964273928 0.977271943 0.985796493 0.992185944 0.992861124 0.994397906 0.994911498 0.998169114 0.997876256 0.99852199 0.998020001 1.0 0.996638943
0.00895702256 0.00579504798 0.00436755188 0.00299941371 0.00210943986 0.00247251495 0.00118683071 0.00120920392 0.00144640659 0.00101003654 0.0 0.000753727976 0.00110624681 0.000953372314 0.000694632697 0.00192965784 0.00190313062 0.00446346799 0.00883109971 0.0183319795 0.0354581864 0.0678611437 0.12330844 0.211980348 0.333801522 0.471958667 0.607341223 0.721898471 0.810896356 0.877721362 0.921370316 0.950114655 0.968588627 0.982410224 0.9878399 0.992008742 0.995209998 0.996478184 0.999583314 0.997866136 0.996884892 0.99837698 0.999024271 0.99678167 1.0
1.0 0.914957747 0.803530909 0.669591745 0.622229307 0.521587153 0.495314243 0.041620984 0.0379142112 0.0324902515 0.000872527573 0.0109414552 0.0 0.0619647598 0.0535876844 0.0533272435 0.00811582383 0.0555162642 0.0339231829 0.0589530703 0.0302338404 0.025769357 0.049979109 0.0486482258 0.0277581321 0.04261299 0.0432621668 0.0646375722 0.081879467 0.0596798726 0.0678044115 0.0748063186 0.0829197103 0.10650562 0.0921115502 0.0789223991 0.0752092419 0.0595365794 0.113124264 0.0666524927 0.0821517645 0.0851001172 0.0822389159 0.0907165194 0.0607289324
0.017937952 0.0158728118 0.0131782517 0.0108297883 0.00162305613 0.00153123767 0.00107268666 0.00168026369 0.000867474353 0.00101533612 0.0 0.000607352353 0.000910208448 0.000306477525 0.000511640807 0.00124186645 0.00198830376 0.00456043998 0.00817768852 0.0151313216 0.0292010781 0.0534778576 0.0917577883 0.149407269 0.222695773 0.307299169 0.394618128 0.480574676 0.558554265 0.633821098 0.695815614 0.750598608 0.797250686 0.836013055 0.869269172 0.89725087 0.916874991 0.937703571 0.95187091 0.96383383 0.973873571 0.982210723 0.991276423 0.9948953 1.0
0.0114598354 0.00878542545 0.00633126947 0.00278639282 0.00193422444 0.00109486527 0.000532455367 0.000525152511 0.000200952066 0.000827314151 0.0 0.000164322872 0.000614721184 0.000239764647 0.00037288998 0.00165362471 0.00189590408 0.00467019251 0.00899776368 0.0169439047 0.0324006162 0.0582876558 0.100570748 0.160366919 0.236697072 0.322789622 0.410843362 0.496302203 0.574695021 0.645478066 0.707702327 0.762871339 0.809819074 0.840886734 0.876395266 0.903457657 0.924245082 0.939241386 0.953692559 0.967649 0.977046904 0.983968862 0.990172484 0.997350728 1.0
0.010080897 0.00892969143 0.00844749359 0.00854845855 0.00806305913 0.00734058324 0.00825412789 0.00772265933 0.00755608075 0.0074618484 0.00822956513 0.00111886227 0.00159380631 0.0017197547 0.00134804463 0.000756490741 0.000166068568 3.11185447e-05 0.000405998541 0.0 0.000512910603 0.000617365643 0.00106479663 0.00177818341 0.00427839411 0.00757926051 0.0136664521 0.0260768807 0.0483534067 0.0870298805 0.143844451 0.222069511 0.31531509 0.417293886 0.518300896 0.613325722 0.695928573 0.768571182 0.829534273 0.879082222 0.919597476 0.94621567 0.971670385 0.98559397 1.0
0.00228356665 0.00151966146 0.00135651491 0.00124267994 0.00088169876 0.000668663207 0.000622209708 0.000184244666 0.0 0.000503862254 0.000109650094 0.000926865303 0.000407461834 0.000453888181 0.000459798042 0.000119732154 0.000608902113 0.000250283063 0.000607106529 0.000373114048 0.00104457742 0.000834481415 0.000959037391 0.00226884539 0.00367238035 0.00634255145 0.0126716813 0.0234941571 0.0437905527 0.0793501208 0.133040427 0.208401336 0.300592537 0.402858725 0.503920347 0.602337235 0.687420454 0.762115258 0.827446429 0.877950625 0.91839799 0.947574308 0.974065961 0.990807134 1.0
0.0011213128 0.000843479817 0.000341785496 0.000497450886 0.000795342901 3.75264944e-05 0.000428564826 0.000673619478 0.000975398861 0.0 0.000715002139 0.00108018893 0.000901250722 0.00109870072 0.000808392563 0.000553845245 0.00048883187 0.00115056349 0.00108787373 0.000755896584 0.00160774947 0.00239215158 0.00339430684 0.00618003511 0.0110567669 0.0196309891 0.0373091579 0.0673672283 0.115782694 0.186233027 0.27424038 0.374964126 0.476199546 0.574219582 0.663302565 0.740837581 0.804911807 0.858027232 0.897757234 0.930669888 0.957322813 0.972864826 0.986188191 0.995124617 1.0
0.00140141624 0.000749801143 0.000340806451 0.000238149346 8.41526125e-05 0.000339493931 0.000478637597 0.00092674389 0.000430092841 0.000630904611 0.000815637557 0.000591835469 0.000803968872 0.000744074793 0.000709144425 0.000560482686 0.000675801634 0.000184470811 0.000209406833 0.0 0.000823726812 0.00133116599 0.00202890387 0.00450626108 0.00847110516 0.0170216187 0.0318268776 0.0587333085 0.103417749 0.168781468 0.255016621 0.354274974 0.454797505 0.554949965 0.645451786 0.72913078 0.793362254 0.853175858 0.897350279 0.92963161 0.957647947 0.975894687 0.990184028 1.0 0.999165947
0.00201798554 0.00137219783 0.00114780956 0.000829026508 0.000496809701 0.00064681188 0.000532121224 0.000695092374 0.000545686107 0.00091718497 0.000860047132 0.000575747296 0.000892779135 0.00143170936 0.000779502732 0.000807721408 0.000796840619 0.000446856006 0.000970302477 0.0 0.000778244511 0.00106932679 0.00195455826 0.0037493623 0.00576476666 0.0113668875 0.0223202204 0.0415291625 0.0748700986 0.128271608 0.201952515 0.292219855 0.393388994 0.495411282 0.591792478 0.680048929 0.754156097 0.819927087 0.867880161 0.907615376 0.939404232 0.962306904 0.979822714 0.994064016 1.0
0.0027201629 0.000739549108 0.000659174463 0.00119314182 0.000324592447 0.00032738439 0.000635436874 0.000448496417 0.000195548804 0.000260240675 0.000321691186 0.000750869578 0.000523854587 0.000469169636 0.000557555717 0.000510462284 0.000737204848 0.000626368698 0.0 0.000695450636 0.000761917622 0.00102478713 0.000790182358 0.00141645562 0.00247941724 0.00466379428 0.00912097784 0.0166430729 0.0316711863 0.0576549294 0.100978199 0.165201809 0.250087685 0.348663779 0.451847949 0.554119566 0.646736834 0.727730567 0.797711883 0.853085167 0.897659735 0.936021949 0.963189603 0.985964588 1.0
0.00559135859 0.00276903331 0.00190181129 0.00141443089 0.00124425611 0.000620868693 0.000472596176 0.000105110438 0.000604047094 0.000614192707 0.000621575978 0.0 0.000238170429 0.000671781439 0.000516418388 0.00102953808 0.000631138081 0.00242535165 0.00377499521 0.00681797972 0.0129151985 0.0258023099 0.0492809542 0.090231309 0.160739047 0.263608582 0.392883583 0.528327962 0.649388479 0.748844626 0.825903471 0.881220541 0.921439404 0.944465711 0.964042898 0.973898844 0.982978372 0.989510937 0.990372819 0.995055513 0.996693566 0.99636792 1.0 0.998091312 0.996481256
0.00803469799 0.0046399729 0.00325696133 0.00237716401 0.00163801905 0.00195896812 0.00176466676 0.0014663013 0.00130939668 0.00196168096 0.00092811368 0.00126944838 0.00132002682 0.0010250214 0.00134477533 0.000687483038 0.0 0.000490677671 0.0013047774 0.00126928709 0.000512793979 0.000790885463 0.000718531886 0.00119074691 0.00116027909 0.00208564684 0.00287643719 0.00533622926 0.0103577457 0.0184523434 0.0346499399 0.0644309693 0.116513481 0.202455581 0.317379684 0.433208736 0.542182239 0.639867942 0.727897661 0.798049763 0.856958652 0.90289287 0.942883952 0.974683771 1.0
0.00178253397 0.000933667402 0.000814588014 0.000728742366 0.00049009457 0.000631941879 0.000643049906 0.000196898425 0.000523848754 0.0 0.000556330307 0.000145284199 0.000375832719 0.000661754441 0.000417244293 0.000973698328 0.00128212873 0.00210177977 0.00350246549 0.00632292442 0.0117774214 0.0217071337 0.0410761553 0.0742433049 0.123764835 0.190245143 0.271558085 0.360354885 0.450624118 0.532637203 0.609585234 0.677456869 0.736864489 0.784303813 0.826727797 0.862718968 0.893900638 0.917387608 0.935281528 0.952245768 0.965105383 0.976424656 0.987313335 0.99743608 1.0
0.00361757885 0.00210108079 0.00199051181 0.00168238531 0.00165606172 0.0010958657 0.00107499692 0.000748465521 0.00045766736 0.000909197505 0.00019651927 0.000543250549 0.0 0.00106364813 0.00102397132 0.000603690297 0.00104603601 0.000679598081 0.000320074368 0.00035310047 0.000636365057 0.000389187297 0.00100299668 0.000477673557 0.00105998833 0.00131112544 0.00250779462 0.00416630222 0.00813974497 0.0144580319 0.0273234351 0.0496559492 0.0885984462 0.146422207 0.225200863 0.321706464 0.425768267 0.526632629 0.625025213 0.715130657 0.792683665 0.856628171 0.916663229 0.962084889 1.0
0.00351723378 0.00088038263 0.000841875448 0.000265051561 0.000657690172 0.000624253964 0.000634097761 0.000346521362 0.0 0.000403607689 0.000687522118 0.000433627181 2.89254701e-06 0.000793392224 0.00108564527 0.00143235418 0.00180060931 0.0024143246 0.0049187245 0.0100459192 0.0190146687 0.0355300663 0.0622962513 0.103011447 0.155294896 0.215993336 0.283826215 0.349183984 0.41572301 0.479400521 0.543296459 0.600647501 0.656553923 0.70356352 0.750948665 0.792642865 0.832060204 0.866823065 0.896949329 0.92323765 0.945805242 0.96823428 0.98014259 0.993155823 1.0
0.00207206152 0.00168221372 0.000877068094 0.00124213036 0.000340951801 0.0 0.00079169178 0.000785510379 0.00083393929 0.000495659575 0.000551098304 0.000225585026 0.000838897454 0.00119992515 0.000751469486 0.00154068307 0.00245494356 0.00488048713 0.00882432183 0.0164559222 0.0305387784 0.0558470582 0.0963921827 0.15500718 0.229117738 0.311747056 0.398135922 0.480816133 0.557881893 0.630193672 0.691564177 0.74704284 0.796216995 0.837341405 0.870751401 0.898602297 0.924680582 0.943991623 0.959030699 0.972352461 0.982995637 0.990126194 0.995901207 0.999359189 1.0
0.00817338315 0.00580324841 0.00216484605 0.00216074071 0.000531717232 0.000704393624 0.0 0.000637818431 0.000559393476 0.00192622152 0.000653350142 0.00182003993 0.00263676781 0.000843487649 0.00266754718 0.00217388746 0.00274923604 0.00102558597 0.00248155789 0.00208863991 0.00408039153 0.00575028088 0.00739618129 0.0141146805 0.0256738586 0.0457510599 0.0761931591 0.120622861 0.176942269 0.237275032 0.306167773 0.372724374 0.440213944 0.5062619 0.57560408 0.637877889 0.695739187 0.751351275 0.801972866 0.849458172 0.891901733 0.929463331 0.960168837 0.980194625 1.0
0.00249672729 0.00142479817 0.000547980761 0.000681169396 0.0 0.000374959895 0.000162358625 0.00056799481 0.000519514955 0.000552765479 0.000117752557 0.000485790312 0.000517001346 0.000707522651 0.000720917685 0.000598102156 0.000855418309 0.00076158934 0.00104867241 0.000988703322 0.00170579696 0.00199327953 0.0021927034 0.00449508378 0.00767317633 0.0139016632 0.0260268609 0.0487676404 0.0868947199 0.144614434 0.225371921 0.320334524 0.423929571 0.526059511 0.620831521 0.706249439 0.77834043 0.836385446 0.884319481 0.920336607 0.947283871 0.968517903 0.981051069 0.996092791 1.0
0.00349083699 0.00218680655 0.00124332584 0.00153342634 0.000604782422 0.000907160259 0.00129226299 0.00096887125 0.000674474349 0.00071549743 0.00100645888 0.00110150123 0.000915152898 0.0 0.000400307298 0.000363645814 0.00069420769 0.000659258078 0.000780707394 0.000990147616 0.0014776066 0.0025609008 0.00498803316 0.00977691906 0.0178243991 0.0342745776 0.0631054146 0.109495571 0.17741769 0.264215801 0.363827329 0.465695331 0.564661853 0.653837976 0.732609179 0.800631655 0.85437571 0.895326487 0.930224589 0.954264359 0.97237558 0.983250523 0.992857133 0.997588395 1.0
1.0 0.694308952 0.453367844 0.371048168 0.21918036 0.259614871 0.197135267 0.211983772 0.173364503 0.178809764 0.0839522737 0.135138748 0.171277978 0.114848715 0.168670112 0.0886121421 0.114737449 0.0427524317 0.113691504 0.054238936 0.171687818 0.00986253657 0.039339347 0.0853373815 0.0858293304 0.000537668144 0.138967505 0.0353683003 0.02781832 0.0932682782 0.189167981 0.0651803078 0.051900721 0.14706425 0.0780131984 0.0780915743 0.134624872 0.0692385943 0.00805662474 0.0936018424 0.0679920439 0.0 0.0371560178 0.0724660027 0.0875969873
0.00295488558 0.00183282549 0.00106521933 0.000563765481 0.000837385143 0.000379705011 0.00100887855 0.000724481547 0.000210938566 0.000138868186 0.000985840906 0.0 0.000508828001 0.000348549198 0.000379586374 0.000502062293 0.000535336627 6.8255348e-05 0.000472403003 0.000485537832 0.000423346538 0.000883290944 0.00165068525 0.00217075497 0.00506335773 0.00880895491 0.0172261682 0.0317863374 0.0585368324 0.103597583 0.169364119 0.25469432 0.352571435 0.457902536 0.556541179 0.649305798 0.729179433 0.798125206 0.85235118 0.895041281 0.930210629 0.957026124 0.977168172 0.990243788 1.0
0.00303461249 0.00171502522 0.000616419075 0.00164323976 0.000595085846 0.000295091289 0.000677284074 0.000537834836 0.0 0.000284808786 0.000592868019 0.000218738238 3.70283654e-05 0.000582861075 0.00122393845 0.000395359466 0.000278597867 4.35783045e-05 0.000630118501 0.000567882389 0.000564791126 0.00128565183 0.00211695968 0.00482168537 0.00878671153 0.0170763341 0.0324414407 0.0597714957 0.104227307 0.170092777 0.257196441 0.35515452 0.459772085 0.560115623 0.652646195 0.732607756 0.800748956 0.855008802 0.902242012 0.929864443 0.956284958 0.973280544 0.987464389 0.994933273 1.0
0.00359274297 0.00177305585 0.00109067564 0.00101467937 0.000780018856 0.000860877273 0.000548218817 0.000703482347 0.000967777151 0.000261268484 3.30974015e-05 0.000300971901 0.0001543801 0.000817208276 0.000476853161 0.00015553447 0.0 0.000496429824 0.000294507103 8.5978366e-05 0.000376007566 0.00155101787 0.00213166577 0.00300716724 0.00660897932 0.011828633 0.0234249257 0.0437195295 0.0788712655 0.13564951 0.214981938 0.313048446 0.421917772 0.530224795 0.630299801 0.71977114 0.793006284 0.852605438 0.900772555 0.932357719 0.959966427 0.976348356 0.989897728 0.999814654 1.0
0.0 2.99562831e-05 0.000409992158 0.00123344326 0.00146985732 0.00161715877 0.00157029585 0.00165857803 0.0021269348 0.00159819947 0.00158688645 0.00188664116 0.00192656084 0.00210782553 0.00216477762 0.00169256547 0.00217867219 0.00238219529 0.0023223569 0.00298912203 0.00404474159 0.00634282451 0.010567407 0.0189038642 0.0337768685 0.060736293 0.10581458 0.171275595 0.255209835 0.353055121 0.453995524 0.551559185 0.64129682 0.720012333 0.787122318 0.842170796 0.882724269 0.916712911 0.943441652 0.961774417 0.976540117 0.985124754 0.994483169 0.997224352 1.0
0.0038847886 0.00141942773 0.00214687811 0.00257506813 0.0020906249 0.00234452334 0.00207997702 0.00198105704 0.00165569255 0.00109928318 0.0013835387 0.000524514404 0.000688589592 0.00133601711 0.000864972245 0.000929607456 0.000283374838 0.000292398541 0.000470060179 0.000270235369 0.0006497797 0.000404022068 8.72940454e-06 0.000167305842 0.0 0.000293987315 0.000798639834 0.000572487405 0.00128181957 0.00175990106 0.00283043585 0.00471008575 0.00925175928 0.0185830391 0.0342622379 0.063377973 0.112032926 0.187501996 0.289031352 0.411758456 0.541834328 0.675400163 0.799127924 0.909529929 1.0
0.00686357641 0.00272249726 0.00187353713 0.00133058945 0.00175733213 0.00104138156 0.000717600631 0.00085042738 5.17147293e-05 0.000621037346 8.9756466e-05 0.000122679437 0.000555730346 0.000374417774 0.000475154895 0.000568843029 0.000474988701 0.000492942369 0.0 0.000889397427 0.00205946751 0.0026800965 0.00524207676 0.00976495506 0.019700705 0.0370599332 0.0698424561 0.124788651 0.207700458 0.309090855 0.408807108 0.502411404 0.585836854 0.658319933 0.718669835 0.770673326 0.815579307 0.852805063 0.882620955 0.909097909 0.934113844 0.954227583 0.974772315 0.991037112 1.0
0.00564227944 0.00343163552 0.00328206629 0.00193495839 0.00195190758 0.00161937267 0.00138104198 0.00114553735 0.00107335637 0.000885483142 0.000210155769 0.00127176545 0.000302092972 0.000507155656 0.000247826995 0.0 0.000346529603 0.000164827075 0.00077343765 0.000709004535 0.00112187984 0.00242626149 0.00424681458 0.00895411922 0.0162037487 0.0312932917 0.0564168711 0.0997351149 0.161927295 0.239238156 0.326306739 0.412459434 0.494509528 0.566199055 0.632449677 0.692921067 0.745614558 0.791985553 0.833265176 0.868113467 0.900938709 0.933959387 0.956462792 0.98303497 1.0
0.00420674361 0.00211240425 0.0015824947 0.00108127241 0.000830863144 0.000780408915 0.000645808134 0.000383863894 0.000447808399 0.000496620973 0.000406530093 0.0 0.000479767305 0.000531003991 0.00133568239 0.00272352906 0.00508154441 0.0122758468 0.0223323197 0.0416939076 0.0739905106 0.125778326 0.197767404 0.286139936 0.384835852 0.481630318 0.573627808 0.655983072 0.728353264 0.790134337 0.836273068 0.878176484 0.90936065 0.934624989 0.952732527 0.964396481 0.979333319 0.984535336 0.988628843 0.992971346 0.997727499 0.997980776 1.0 0.998742273 0.999146848
0.00529093267 0.00293142871 0.00166702272 0.00225274027 0.0011855441 0.000757569486 0.000625447919 0.00044912374 0.00142540429 0.000798890413 0.00114963202 0.000926896655 0.000465891652 0.000245213949 0.00108677151 0.0 0.000234003402 0.000315782906 0.000702625828 0.00024846932 0.000826083176 0.00138047108 0.00167682955 0.0038660913 0.00491535778 0.00874096655 0.0147655313 0.0274372462 0.0502906746 0.0862227393 0.141053999 0.209546468 0.28857435 0.372935101 0.457197528 0.537664269 0.613429257 0.683950231 0.750536583 0.803407008 0.85666579 0.900825435 0.94311044 0.974312457 1.0
0.00387068283 0.00242407073 0.00152800502 0.00122200166 0.000624055845 0.000905803917 0.000923661201 0.00073266663 0.000918910732 0.00042740683 0.000277127936 0.000430292535 0.000674379399 0.0 0.0007381874 0.000452861856 0.00129444004 0.000815742183 0.00173695045 0.00293587148 0.0056825764 0.0115948278 0.0203445628 0.0389959452 0.0714071662 0.122298288 0.192184003 0.279951385 0.379447063 0.474717937 0.568470712 0.650974649 0.722981616 0.785089022 0.833497996 0.87480884 0.907551129 0.932029493 0.951182482 0.964233112 0.978269281 0.98372645 0.992492176 1.0 0.998259514
0.00884814766 0.0070807245 0.00678794507 0.0056756862 0.00270802367 0.00201005294 0.00140800752 0.00135668259 0.00114324578 0.000447807029 0.000436201472 0.000222958479 0.00104310463 0.000689044454 0.000517592318 0.00013341661 0.0 0.000762099766 0.00159888908 0.00352009168 0.00845081743 0.0166983849 0.0331626291 0.0621818015 0.108613356 0.175783736 0.261131262 0.357757793 0.457935424 0.552070627 0.638937142 0.71314109 0.775001245 0.828096375 0.869799436 0.904741599 0.931575476 0.950155122 0.966759228 0.97581478 0.984373103 0.991887545 0.99647802 0.999583785 1.0
0.00417643494 0.00253987362 0.00206497779 0.00148991375 0.00152452279 0.00119518976 0.000745132093 0.00102385217 0.00140785367 0.00090844145 0.000869663781 0.000745915802 0.00097736006 0.000486632351 0.000513437749 0.000245531906 0.000431653249 6.90173699e-05 0.00035192041 0.0 0.000613144019 0.000617040264 0.00226915471 0.00419064684 0.00710741602 0.0145314473 0.0275526458 0.0520046392 0.0920867731 0.152660629 0.234622539 0.331405182 0.433678366 0.534032301 0.625599177 0.71130715 0.779302971 0.837740866 0.882845652 0.916559378 0.945755428 0.964310377 0.982772638 0.992266448 1.0
0.00466031989 0.00231708318 0.00122610615 0.00142319938 0.000563852373 0.000421997624 8.8727366e-05 0.000785691169 0.000948684098 0.000415441833 0.00013646915 0.000623097362 0.000697680524 0.000558930435 0.000151528787 0.000736305342 0.0 0.000673014785 0.000417048512 0.000666751117 0.000839642272 0.00122086491 0.00250713149 0.00469732614 0.00896143 0.0164865779 0.0314171762 0.0585233984 0.102838385 0.167811649 0.252837186 0.350683773 0.452702857 0.553408606 0.643964131 0.725402478 0.790116926 0.846335381 0.890323081 0.92351655 0.951651891 0.969712161 0.985561655 0.993133933 1.0
0.0113054455 0.00917940083 0.00796486515 0.0 0.000487233976 0.00124183955 0.0016004017 0.00192254514 0.00166093489 0.00182163373 0.00106315476 0.00179897501 0.00233629669 0.00199093724 0.00187717896 0.00188296793 0.00246168166 0.00284957698 0.00324652377 0.00427409983 0.00623824174 0.0102776664 0.0177601978 0.0323451559 0.0578325996 0.100278986 0.162185372 0.245365533 0.342146883 0.440706213 0.538991671 0.630129108 0.709512515 0.776212946 0.829560189 0.874451033 0.909033059 0.933527542 0.953926441 0.966844297 0.980222157 0.985552242 0.990821702 0.995110628 1.0
0.00601982672 0.000845693165 0.000344659602 0.00107911818 0.0 0.000666390889 0.000567828431 0.000964894468 0.00110674871 0.00106604739 0.000914250765 0.00074609164 0.00102369541 0.000699724282 0.00115948175 0.000760801881 0.00145802376 0.000998203846 0.00151476097 0.00167641352 0.00167242376 0.00248780947 0.00295642383 0.00513039348 0.00909497474 0.0177651392 0.0323802696 0.0587616395 0.102306662 0.166072036 0.251060857 0.347845498 0.45090364 0.552518457 0.641276521 0.722676212 0.788527276 0.843633644 0.891671374 0.922708193 0.951555408 0.967255684 0.982385794 0.993664334 1.0
0.0043353244 0.00213723685 0.00137969331 0.00199780656 0.00119222003 0.00101718998 0.00119339556 0.000563785323 0.00108058169 0.00100553386 0.00155465492 0.000749280557 0.00100225878 0.0 0.000406482435 0.000557849461 0.000103628603 0.000271706388 0.000146539969 0.000539496032 0.000129348387 0.000454154125 0.00083216359 0.00143669401 0.00228932596 0.00384743049 0.00790566191 0.0163651248 0.0315216148 0.0580119892 0.103577162 0.168402254 0.254769922 0.352801306 0.456171048 0.559515981 0.650542857 0.730013603 0.801218379 0.856360587 0.904082755 0.941011953 0.963524462 0.985530696 1.0
0.00605284981 0.00442220814 0.00393047577 0.00318942949 0.00207213848 0.00214814283 0.00225754137 0.00135717843 0.00134541442 0.00126760557 0.000636767552 0.000388181892 0.00120258096 0.00027229872 0.000166824916 0.000102662662 0.000261237491 0.000150141406 0.000103577641 0.0 3.31701047e-06 0.000705518281 0.00188607015 0.00338727371 0.00658407735 0.0149052497 0.0279764285 0.0528452408 0.0946859209 0.156555795 0.239894038 0.335789289 0.440248595 0.540715211 0.63182685 0.715838809 0.781930114 0.843170676 0.887667144 0.919342557 0.949460044 0.969751163 0.98204948 0.993642997 1.0
0.00410075818 0.00258544132 0.00165634856 0.00235544366 0.00129388717 0.00152671664 0.00133809422 0.00127751359 0.000944857869 0.0016139545 0.0019865846 0.000216218881 0.00131779396 0.000773024686 0.000529347305 0.000480237202 0.000723139859 0.000683646598 0.000471488829 0.000272584509 0.0 0.000157918211 0.000188912497 0.000614455565 0.00066331804 0.00219813391 0.00398548342 0.00764244476 0.0159273554 0.0304149562 0.0572006005 0.101149302 0.167029901 0.252638062 0.354129789 0.46007513 0.564352791 0.659646445 0.743910832 0.81494775 0.8733006 0.918316868 0.957026449 0.984402147 1.0
0.00732481201 0.00374084246 0.00306767394 0.00252556941 0.00200938617 0.00131375725 0.00139518425 0.00135682241 0.00166998072 0.00109952137 0.000965823193 0.000480176281 0.000676553952 0.000690312396 0.000252034278 0.000765393916 5.02261064e-05 0.0 0.000172912389 0.000241410852 0.000488441621 0.000792419604 0.00180888305 0.00438857929 0.00833504234 0.0165383048 0.0322138471 0.0597655865 0.104180828 0.170213254 0.255968864 0.354205707 0.455852713 0.556239362 0.647043979 0.726567577 0.791662247 0.84948993 0.8920346 0.924000188 0.952490951 0.970271203 0.985243503 0.99519825 1.0